last-generated=2020-08-28
statistics-initialization=
{
  "nonlinear": "3, 0, 0",
  "numerical Jacobians": "0"
}
statistics-simulation=
{
  "linear": "0, 0, 0, 0, 0, 0, 0, 0, 0, 0, 0, 0, 0, 0",
  "nonlinear": "2",
  "number of continuous time states": "65",
  "numerical Jacobians": "0"
}
time=[0e+00, 5e+00]
hydraulicBus.TFwrdInMea=[3.031499938964844e+02, 3.031499938964844e+02, 3.031499938964844e+02, 3.031499938964844e+02, 3.031499938964844e+02, 3.031499938964844e+02, 3.031499938964844e+02, 3.031499938964844e+02, 3.031499938964844e+02, 3.031499938964844e+02, 3.031499938964844e+02, 3.031499938964844e+02, 3.031499938964844e+02, 3.031499633789062e+02, 3.031499633789062e+02, 3.031499633789062e+02, 3.031499633789062e+02, 3.031499633789062e+02, 3.031499633789062e+02, 3.031499633789062e+02, 3.031499633789062e+02, 3.031499328613281e+02, 3.031499328613281e+02, 3.031499328613281e+02, 3.031499328613281e+02, 3.031499328613281e+02, 3.0314990234375e+02, 3.0314990234375e+02, 3.0314990234375e+02, 3.0314990234375e+02, 3.031498718261719e+02, 3.031498718261719e+02, 3.031498718261719e+02, 3.031498718261719e+02, 3.031498413085938e+02, 3.031498413085938e+02, 3.031498413085938e+02, 3.031498413085938e+02, 3.031498107910156e+02, 3.031498107910156e+02, 3.031498107910156e+02, 3.031497802734375e+02, 3.031497802734375e+02, 3.031497802734375e+02, 3.031497497558594e+02, 3.031497497558594e+02, 3.031497192382812e+02, 3.031497192382812e+02, 3.031497192382812e+02, 3.031496887207031e+02, 3.031496887207031e+02, 3.031496887205576e+02, 3.03149658203125e+02, 3.03149658203125e+02, 3.031496276855469e+02, 3.031496276855469e+02, 3.031495971679688e+02, 3.031495971679688e+02, 3.031495971679688e+02, 3.031495666503906e+02, 3.031495666503906e+02, 3.031495361328125e+02, 3.031495361328125e+02, 3.031495056152344e+02, 3.031495056152344e+02, 3.031494750976562e+02, 3.031494750976562e+02, 3.031494445800781e+02, 3.031494445800781e+02, 3.031494140625e+02, 3.031494140625e+02, 3.031493835449219e+02, 3.031493530273438e+02, 3.031493530273438e+02, 3.031493225097656e+02, 3.031493225097656e+02, 3.031492919921875e+02, 3.031492919921875e+02, 3.031492614746094e+02, 3.031492309571768e+02, 3.031492309570312e+02, 3.031492004394531e+02, 3.031492004391621e+02, 3.03149169921875e+02, 3.031491394042969e+02, 3.031491394042969e+02, 3.031491088867188e+02, 3.031490783691406e+02, 3.031490783691406e+02, 3.031490478515625e+02, 3.031490173339844e+02, 3.031490173339844e+02, 3.031489868164062e+02, 3.031489562991192e+02, 3.031489562988281e+02, 3.0314892578125e+02, 3.031488952636719e+02, 3.031488952633808e+02, 3.031488647460938e+02, 3.031488342285156e+02, 3.031488037109375e+02]
hydraulicBus.TFwrdOutMea=[3.031499938964844e+02, 3.031499938964844e+02, 3.031499938964844e+02, 3.031499938964844e+02, 3.031499938964844e+02, 3.031499938964844e+02, 3.031499938964844e+02, 3.031499938964844e+02, 3.031499938964844e+02, 3.031499938964844e+02, 3.031499938964844e+02, 3.031499938964844e+02, 3.031499938964844e+02, 3.031499938964844e+02, 3.031499938964844e+02, 3.031499938964844e+02, 3.031499938964844e+02, 3.031499938964844e+02, 3.031499938964844e+02, 3.031499938964844e+02, 3.031499938964844e+02, 3.031499938964844e+02, 3.031499938964844e+02, 3.031499938964844e+02, 3.031499938964844e+02, 3.031499633789062e+02, 3.031499633789062e+02, 3.031499633789062e+02, 3.031499633789062e+02, 3.031499633789062e+02, 3.031499633789062e+02, 3.031499633789062e+02, 3.031499633789062e+02, 3.031499633789062e+02, 3.031499633789062e+02, 3.031499633789062e+02, 3.031499633789062e+02, 3.031499633789062e+02, 3.031499633789062e+02, 3.031499328613281e+02, 3.031499328613281e+02, 3.031499328613281e+02, 3.031499328613281e+02, 3.031499328613281e+02, 3.031499328613281e+02, 3.031499328613281e+02, 3.031499328613281e+02, 3.031499328613281e+02, 3.031499328613281e+02, 3.031499328613281e+02, 3.0314990234375e+02, 3.0314990234375e+02, 3.0314990234375e+02, 3.0314990234375e+02, 3.0314990234375e+02, 3.0314990234375e+02, 3.0314990234375e+02, 3.0314990234375e+02, 3.0314990234375e+02, 3.0314990234375e+02, 3.0314990234375e+02, 3.031498718261719e+02, 3.031498718261719e+02, 3.031498718261719e+02, 3.031498718261719e+02, 3.031498718261719e+02, 3.031498718261719e+02, 3.031498718261719e+02, 3.031498718261719e+02, 3.031498718261719e+02, 3.031498718261719e+02, 3.031498413085938e+02, 3.031498413085938e+02, 3.031498413085938e+02, 3.031498413085938e+02, 3.031498413085938e+02, 3.031498413085938e+02, 3.031498413085938e+02, 3.031498413085938e+02, 3.031498413085938e+02, 3.031498413085938e+02, 3.031498413085938e+02, 3.031498107910156e+02, 3.031498107910156e+02, 3.031498107910156e+02, 3.031498107910156e+02, 3.031498107910156e+02, 3.031498107910156e+02, 3.031498107910156e+02, 3.031498107910156e+02, 3.031498107910156e+02, 3.031498107910156e+02, 3.031498107910156e+02, 3.031498107910156e+02, 3.031497802734375e+02, 3.031497802734375e+02, 3.031497802734375e+02, 3.031497802734375e+02, 3.031497802734375e+02, 3.031497802734375e+02, 3.031497802734375e+02]
hydraulicBus.TRtrnInMea=[3.031499938964844e+02, 3.031499938964844e+02, 3.031499938964844e+02, 3.031499938964844e+02, 3.031499938964844e+02, 3.031499938964844e+02, 3.031499938964844e+02, 3.031499938964844e+02, 3.031499938964844e+02, 3.031499938964844e+02, 3.031499938964844e+02, 3.031499938964844e+02, 3.031499938964844e+02, 3.031499938964844e+02, 3.031499938964844e+02, 3.031499938964844e+02, 3.031499938964844e+02, 3.031499938964844e+02, 3.031499938964844e+02, 3.031499938964844e+02, 3.031499938964844e+02, 3.031499938964844e+02, 3.031499938964844e+02, 3.031499938964844e+02, 3.031499938964844e+02, 3.031499633789062e+02, 3.031499633789062e+02, 3.031499633789062e+02, 3.031499633789062e+02, 3.031499633789062e+02, 3.031499633789062e+02, 3.031499633789062e+02, 3.031499633789062e+02, 3.031499633789062e+02, 3.031499633789062e+02, 3.031499633789062e+02, 3.031499633789062e+02, 3.031499633789062e+02, 3.031499633789062e+02, 3.031499328613281e+02, 3.031499328613281e+02, 3.031499328613281e+02, 3.031499328613281e+02, 3.031499328613281e+02, 3.031499328613281e+02, 3.031499328613281e+02, 3.031499328613281e+02, 3.031499328613281e+02, 3.031499328613281e+02, 3.031499328613281e+02, 3.0314990234375e+02, 3.0314990234375e+02, 3.0314990234375e+02, 3.0314990234375e+02, 3.0314990234375e+02, 3.0314990234375e+02, 3.0314990234375e+02, 3.0314990234375e+02, 3.0314990234375e+02, 3.0314990234375e+02, 3.0314990234375e+02, 3.031498718261719e+02, 3.031498718261719e+02, 3.031498718261719e+02, 3.031498718261719e+02, 3.031498718261719e+02, 3.031498718261719e+02, 3.031498718261719e+02, 3.031498718261719e+02, 3.031498718261719e+02, 3.031498718261719e+02, 3.031498413085938e+02, 3.031498413085938e+02, 3.031498413085938e+02, 3.031498413085938e+02, 3.031498413085938e+02, 3.031498413085938e+02, 3.031498413085938e+02, 3.031498413085938e+02, 3.031498413085938e+02, 3.031498413085938e+02, 3.031498413085938e+02, 3.031498107910156e+02, 3.031498107910156e+02, 3.031498107910156e+02, 3.031498107910156e+02, 3.031498107910156e+02, 3.031498107910156e+02, 3.031498107910156e+02, 3.031498107910156e+02, 3.031498107910156e+02, 3.031498107910156e+02, 3.031498107910156e+02, 3.031498107910156e+02, 3.031497802734375e+02, 3.031497802734375e+02, 3.031497802734375e+02, 3.031497802734375e+02, 3.031497802734375e+02, 3.031497802734375e+02, 3.031497802734375e+02]
hydraulicBus.TRtrnOutMea=[3.031499938964844e+02, 3.031499938964844e+02, 3.031499938964844e+02, 3.031499938964844e+02, 3.031499938964844e+02, 3.031499938964844e+02, 3.031499938964844e+02, 3.031499938964844e+02, 3.031499938964844e+02, 3.031499938964844e+02, 3.031499938964844e+02, 3.031499938964844e+02, 3.031499938964844e+02, 3.031499633789062e+02, 3.031499633789062e+02, 3.031499633789062e+02, 3.031499633789062e+02, 3.031499633789062e+02, 3.031499633789062e+02, 3.031499633789062e+02, 3.031499633789062e+02, 3.031499328613281e+02, 3.031499328613281e+02, 3.031499328613281e+02, 3.031499328613281e+02, 3.031499328613281e+02, 3.0314990234375e+02, 3.0314990234375e+02, 3.0314990234375e+02, 3.0314990234375e+02, 3.031498718261719e+02, 3.031498718261719e+02, 3.031498718261719e+02, 3.031498718261719e+02, 3.031498413085938e+02, 3.031498413085938e+02, 3.031498413085938e+02, 3.031498413085938e+02, 3.031498107910156e+02, 3.031498107910156e+02, 3.031498107910156e+02, 3.031497802734375e+02, 3.031497802734375e+02, 3.031497802734375e+02, 3.031497497558594e+02, 3.031497497558594e+02, 3.031497192382812e+02, 3.031497192382812e+02, 3.031497192382812e+02, 3.031496887207031e+02, 3.031496887207031e+02, 3.031496887205576e+02, 3.03149658203125e+02, 3.03149658203125e+02, 3.031496276855469e+02, 3.031496276855469e+02, 3.031495971679688e+02, 3.031495971679688e+02, 3.031495971679688e+02, 3.031495666503906e+02, 3.031495666503906e+02, 3.031495361328125e+02, 3.031495361328125e+02, 3.031495056152344e+02, 3.031495056152344e+02, 3.031494750976562e+02, 3.031494750976562e+02, 3.031494445800781e+02, 3.031494445800781e+02, 3.031494140625e+02, 3.031494140625e+02, 3.031493835449219e+02, 3.031493530273438e+02, 3.031493530273438e+02, 3.031493225097656e+02, 3.031493225097656e+02, 3.031492919921875e+02, 3.031492919921875e+02, 3.031492614746094e+02, 3.031492309571768e+02, 3.031492309570312e+02, 3.031492004394531e+02, 3.031492004391621e+02, 3.03149169921875e+02, 3.031491394042969e+02, 3.031491394042969e+02, 3.031491088867188e+02, 3.031490783691406e+02, 3.031490783691406e+02, 3.031490478515625e+02, 3.031490173339844e+02, 3.031490173339844e+02, 3.031489868164062e+02, 3.031489562991192e+02, 3.031489562988281e+02, 3.0314892578125e+02, 3.031488952636719e+02, 3.031488952633808e+02, 3.031488647460938e+02, 3.031488342285156e+02, 3.031488037109375e+02]
hydraulicBus.VFlowInMea=[1.689623110354208e-24, 1.078247585828717e-14, 5.226645091978866e-14, 1.324983033194268e-13, 2.499303581656358e-13, 4.115161987214289e-13, 6.197147836936743e-13, 8.674384775554137e-13, 1.152890897984481e-12, 1.474331372339156e-12, 1.830070600269962e-12, 2.218480295082965e-12, 2.637987495752613e-12, 3.087085930894484e-12, 3.564319313354796e-12, 4.068297781989472e-12, 4.597679747143244e-12, 5.151181729926358e-12, 5.727569307836468e-12, 6.325657591346271e-12, 6.944307542194883e-12, 7.582423156319682e-12, 8.238961279837411e-12, 8.912923676908199e-12, 9.603341762334169e-12, 1.030929421691473e-11, 1.102988863572407e-11, 1.176426889354526e-11, 1.251161796991815e-11, 1.327114300374978e-11, 1.404208953975639e-11, 1.48237263316334e-11, 1.561537319820605e-11, 1.641634956728265e-11, 1.722600977321794e-11, 1.804373317426666e-11, 1.886892457554628e-11, 1.970101299207402e-11, 2.053946809760401e-11, 2.138375160039823e-11, 2.223335925088943e-11, 2.308780158585769e-11, 2.394661369707053e-11, 2.480934737124805e-11, 2.567558582943466e-11, 2.654490689757427e-11, 2.741691505801956e-11, 2.82912269352114e-11, 2.916747578842378e-11, 3.004532303004136e-11, 3.092442621421831e-11, 3.180445921213054e-11, 3.268511324190745e-11, 3.356608572912891e-11, 3.44471005811572e-11, 3.532787604121346e-11, 3.620815536931335e-11, 3.708768182570411e-11, 3.796625346486615e-11, 3.884361151818581e-11, 3.971945342073901e-11, 4.059367855733991e-11, 4.146587753301659e-11, 4.233589354848679e-11, 4.320352326510855e-11, 4.406859946404218e-11, 4.493093826357355e-11, 4.579035578304727e-11, 4.664668141312293e-11, 4.749976025658884e-11, 4.834941821907357e-11, 4.919550958259741e-11, 5.003789903901051e-11, 5.087643688239238e-11, 5.17109992709321e-11, 5.254146770439228e-11, 5.336771728150802e-11, 5.418963351100972e-11, 5.500711883058991e-11, 5.582006654486587e-11, 5.662838253872593e-11, 5.743197972244918e-11, 5.823077588700225e-11, 5.902466558799792e-11, 5.981360845551257e-11, 6.059752005738162e-11, 6.13763316071706e-11, 6.214999495467317e-11, 6.291843982873274e-11, 6.3681618435418e-11, 6.443946765077868e-11, 6.519193926028833e-11, 6.59389987365641e-11, 6.668061101026678e-11, 6.741674165340524e-11, 6.814732805837664e-11, 6.887235644744661e-11, 6.95918059069901e-11, 7.030563495551059e-11, 7.101383639094438e-11, 7.171638977121475e-11]
hydraulicBus.VFlowOutMea=[-3.497973764302608e-17, 6.957624735056518e-06, 2.371157955811232e-05, 3.967945850879867e-05, 5.455904012605295e-05, 7.000848563620821e-05, 8.591186255911787e-05, 1.016427868734271e-04, 1.171794119492565e-04, 1.325118682749048e-04, 1.476356119383126e-04, 1.625492551397962e-04, 1.772530016159181e-04, 1.917483237180235e-04, 2.060371513958081e-04, 2.201220631832257e-04, 2.340057802770159e-04, 2.47691227619811e-04, 2.611814770826323e-04, 2.744795960608436e-04, 2.875886275433004e-04, 3.005115844964384e-04, 3.13251709811496e-04, 3.258121783160013e-04, 3.381959569087488e-04, 3.504061314743012e-04, 3.624455535083779e-04, 3.743171344564396e-04, 3.860236957610644e-04, 3.97567975562358e-04, 4.089527064934373e-04, 4.201805092416512e-04, 4.312542680292109e-04, 4.421763639394832e-04, 4.529492769194857e-04, 4.635754448827356e-04, 4.740572575439678e-04, 4.843970478835927e-04, 4.945974263177212e-04, 5.046603523672275e-04, 5.145881441421807e-04, 5.243829311327252e-04, 5.340467506391896e-04, 5.435817694073691e-04, 5.529901738437397e-04, 5.622737808153033e-04, 5.714345693644901e-04, 5.804744603738084e-04, 5.893952742466018e-04, 5.981989587031032e-04, 6.068872753530741e-04, 6.154619704107988e-04, 6.239247901321951e-04, 6.322772665726522e-04, 6.405212838224075e-04, 6.486583151854575e-04, 6.566900486689803e-04, 6.646179976965847e-04, 6.7244398785303e-04, 6.801693161295682e-04, 6.877947598695755e-04, 6.953227637781568e-04, 7.027529204255557e-04, 7.100870577224505e-04, 7.173264097658995e-04, 7.244724547490478e-04, 7.315263568117911e-04, 7.384893383366579e-04, 7.453626473401408e-04, 7.521473971085984e-04, 7.588446605950594e-04, 7.654555437314807e-04, 7.71981268899003e-04, 7.784228533285081e-04, 7.847814061888112e-04, 7.910580025054514e-04, 7.972536900035576e-04, 8.033695164399001e-04, 8.094065009616072e-04, 8.153656324646986e-04, 8.212479879148304e-04, 8.270545293017122e-04, 8.327862123465883e-04, 8.384439171974748e-04, 8.440287995123577e-04, 8.495416259393096e-04, 8.549834395073238e-04, 8.603552225192495e-04, 8.656577455782382e-04, 8.708919829432022e-04, 8.760587079450488e-04, 8.811587856325509e-04, 8.861932533144086e-04, 8.911627716153774e-04, 8.96068308442929e-04, 9.009105269797146e-04, 9.056902891248763e-04, 9.104084545632673e-04, 9.150657481623384e-04, 9.1966307366569e-04, 9.242010419256985e-04]
