last-generated=2020-08-27
statistics-simulation=
{
  "linear": "0, 0",
  "nonlinear": " ",
  "number of continuous time states": "9",
  "numerical Jacobians": "0"
}
time=[0e+00, 1.08e+04]
senTemIn.T=[3.231499938964844e+02, 3.231499938964844e+02, 3.231499938964844e+02, 3.311499938964844e+02, 3.431499938964844e+02, 3.431499938964844e+02, 3.431499938964844e+02, 3.431499938964844e+02, 3.431499938964844e+02, 3.431499938964844e+02, 3.431499938964844e+02, 3.431499938964844e+02, 3.431499938964844e+02, 3.431499938964844e+02, 3.431499938964844e+02, 3.431499938964844e+02, 3.431499938964844e+02, 3.431499938964844e+02, 3.431499938964844e+02, 3.431499938964844e+02, 3.431499938964844e+02, 3.431499938964844e+02, 3.431499938964844e+02, 3.431499938964844e+02, 3.431499938964844e+02, 3.431499938964844e+02, 3.431499938964844e+02, 3.431499938964844e+02, 3.431499938964844e+02, 3.431499938964844e+02, 3.431499938964844e+02, 3.431499938964844e+02, 3.431499938964844e+02, 3.431499938964844e+02, 3.431499938964844e+02, 3.431499938964844e+02, 3.431499938964844e+02, 3.431499938964844e+02, 3.431499938964844e+02, 3.431499938964844e+02, 3.431499938964844e+02, 3.431499938964844e+02, 3.431499938964844e+02, 3.431499938964844e+02, 3.431499938964844e+02, 3.431499938964844e+02, 3.431499938964844e+02, 3.431499938964844e+02, 3.431499938964844e+02, 3.431499938964844e+02, 3.431499938964844e+02, 3.431499938964844e+02, 3.431499938964844e+02, 3.431499938964844e+02, 3.431499938964844e+02, 3.431499938964844e+02, 3.431499938964844e+02, 3.431499938964844e+02, 3.431499938964844e+02, 3.431499938964844e+02, 3.431499938964844e+02, 3.431499938964844e+02, 3.431499938964844e+02, 3.431499938964844e+02, 3.431499938964844e+02, 3.431499938964844e+02, 3.431499938964844e+02, 3.431499938964844e+02, 3.431499938964844e+02, 3.431499938964844e+02, 3.431499938964844e+02, 3.431499938964844e+02, 3.431499938964844e+02, 3.431499938964844e+02, 3.431499938964844e+02, 3.431499938964844e+02, 3.431499938964844e+02, 3.431499938964844e+02, 3.431499938964844e+02, 3.431499938964844e+02, 3.431499938964844e+02, 3.431499938964844e+02, 3.431499938964844e+02, 3.431499938964844e+02, 3.431499938964844e+02, 3.431499938964844e+02, 3.431499938964844e+02, 3.431499938964844e+02, 3.431499938964844e+02, 3.431499938964844e+02, 3.431499938964844e+02, 3.431499938964844e+02, 3.431499938964844e+02, 3.431499938964844e+02, 3.431499938964844e+02, 3.431499938964844e+02, 3.431499938964844e+02, 3.431499938964844e+02, 3.431499938964844e+02, 3.431499938964844e+02, 3.431499938964844e+02]
senTemOut.T=[3.231499938964844e+02, 3.231254699707031e+02, 3.230961303710938e+02, 3.255015563964844e+02, 3.339473510742188e+02, 3.383407287597656e+02, 3.405526611328125e+02, 3.417251342773437e+02, 3.423419555664062e+02, 3.426644470214844e+02, 3.428321228027344e+02, 3.429166076660156e+02, 3.429613891601563e+02, 3.429849548339844e+02, 3.429972839355469e+02, 3.430036926269531e+02, 3.430069152832031e+02, 3.430086486816406e+02, 3.430095642089844e+02, 3.43010009765625e+02, 3.4301025390625e+02, 3.430103942871094e+02, 3.430104553222656e+02, 3.43010498046875e+02, 3.43010498046875e+02, 3.430105285644531e+02, 3.430105285644531e+02, 3.430105285644531e+02, 3.430105285644531e+02, 3.430105285644531e+02, 3.430105285644531e+02, 3.430105285644531e+02, 3.430105285644531e+02, 3.430105285644531e+02, 3.430105285644531e+02, 3.430105285644531e+02, 3.430105285644531e+02, 3.430105285644531e+02, 3.430105285644531e+02, 3.430105346679687e+02, 3.430105590820312e+02, 3.430105590820312e+02, 3.430105407714844e+02, 3.430105285644531e+02, 3.430105285644531e+02, 3.430105285644531e+02, 3.430105285644531e+02, 3.430105285644531e+02, 3.430105285644531e+02, 3.430105346679687e+02, 3.430105590820312e+02, 3.430105590820312e+02, 3.430105590820312e+02, 3.430105590820312e+02, 3.430105590820312e+02, 3.430105590820312e+02, 3.430105590820312e+02, 3.430105590820312e+02, 3.43010546875e+02, 3.430105285644531e+02, 3.430105285644531e+02, 3.430105285644531e+02, 3.430105285644531e+02, 3.430105285644531e+02, 3.430105285644531e+02, 3.430105285644531e+02, 3.430105285644531e+02, 3.430105285644531e+02, 3.430105285644531e+02, 3.430105285644531e+02, 3.430105285644531e+02, 3.430105285644531e+02, 3.430105285644531e+02, 3.430105285644531e+02, 3.430105285644531e+02, 3.430105285644531e+02, 3.430105285644531e+02, 3.430105285644531e+02, 3.430105285644531e+02, 3.430105285644531e+02, 3.430105285644531e+02, 3.430105285644531e+02, 3.430105285644531e+02, 3.430105285644531e+02, 3.430105285644531e+02, 3.430105285644531e+02, 3.430105285644531e+02, 3.430105285644531e+02, 3.430105285644531e+02, 3.430105285644531e+02, 3.430105285644531e+02, 3.430105285644531e+02, 3.430105285644531e+02, 3.430105285644531e+02, 3.430105285644531e+02, 3.430105285644531e+02, 3.430105285644531e+02, 3.430105285644531e+02, 3.430105285644531e+02, 3.430105285644531e+02, 3.430105285644531e+02]
