last-generated=2020-08-28
statistics-initialization=
{
  "nonlinear": "1, 0",
  "numerical Jacobians": "0"
}
statistics-simulation=
{
  "linear": "0, 0, 0, 0, 0, 0",
  "nonlinear": "1",
  "number of continuous time states": "32",
  "numerical Jacobians": "0"
}
time=[0e+00, 8e+02]
hydraulicBus.TFwrdInMea=[3.031499938964844e+02, 3.031465454101562e+02, 3.03139404296875e+02, 3.031304931640625e+02, 3.031201782226562e+02, 3.031091003417969e+02, 3.030973510742188e+02, 3.030852355957031e+02, 3.030728149414062e+02, 3.03060302734375e+02, 3.030477600097656e+02, 3.030351867675781e+02, 3.03022705078125e+02, 3.030101928710938e+02, 3.029977111816406e+02, 3.029852600097656e+02, 3.029728393554688e+02, 3.029604187011719e+02, 3.02947998046875e+02, 3.029356384277344e+02, 3.029232482910156e+02, 3.02910888671875e+02, 3.028985290527344e+02, 3.028861999511719e+02, 3.029086608886719e+02, 3.038805847167969e+02, 3.077628784179688e+02, 3.133002319335938e+02, 3.17336669921875e+02, 3.197395324707031e+02, 3.211494445800781e+02, 3.219766845703125e+02, 3.224622497558594e+02, 3.22746826171875e+02, 3.229136657714844e+02, 3.230114440917969e+02, 3.230686950683594e+02, 3.23102294921875e+02, 3.231220092773438e+02, 3.231336059570312e+02, 3.23140380859375e+02, 3.231443481445312e+02, 3.231466979980469e+02, 3.231480712890625e+02, 3.231488647460938e+02, 3.231493530273438e+02, 3.231496276855469e+02, 3.231498107910156e+02, 3.231498718261719e+02, 3.231499328613281e+02, 3.231499633789062e+02, 3.231499633789062e+02, 3.231499938964844e+02, 3.231499938964844e+02, 3.231499938964844e+02, 3.231499938964844e+02, 3.231499938964844e+02, 3.231499938964844e+02, 3.231499938964844e+02, 3.231499938964844e+02, 3.231499938964844e+02, 3.231499938964844e+02, 3.231499938964844e+02, 3.231499938964844e+02, 3.231499938964844e+02, 3.231499938964844e+02, 3.231499938964844e+02, 3.231499938964844e+02, 3.231500244140625e+02, 3.231500549316406e+02, 3.231500854492188e+02, 3.231500549316406e+02, 3.231500244140625e+02, 3.231499938964844e+02, 3.231499938964844e+02, 3.231499938964844e+02, 3.231499938964844e+02, 3.231499938964844e+02, 3.231499938964844e+02, 3.231499938964844e+02, 3.231499938964844e+02, 3.231499938964844e+02, 3.231499938964844e+02, 3.231499938964844e+02, 3.231499938964844e+02, 3.231499938964844e+02, 3.231499938964844e+02, 3.231499938964844e+02, 3.231499938964844e+02, 3.231499938964844e+02, 3.231499938964844e+02, 3.231499938964844e+02, 3.231499938964844e+02, 3.231499938964844e+02, 3.231499938964844e+02, 3.231499938964844e+02, 3.231499938964844e+02, 3.231499938964844e+02, 3.231499938964844e+02, 3.231499938964844e+02, 3.231499938964844e+02]
hydraulicBus.TFwrdOutMea=[3.031499938964844e+02, 3.031465454101562e+02, 3.03139404296875e+02, 3.031304931640625e+02, 3.031201782226562e+02, 3.031091003417969e+02, 3.030973510742188e+02, 3.030852355957031e+02, 3.030728149414062e+02, 3.03060302734375e+02, 3.030477600097656e+02, 3.030351867675781e+02, 3.03022705078125e+02, 3.030101928710938e+02, 3.029977111816406e+02, 3.029852600097656e+02, 3.029728393554688e+02, 3.029604187011719e+02, 3.02947998046875e+02, 3.029356384277344e+02, 3.029232482910156e+02, 3.02910888671875e+02, 3.028985290527344e+02, 3.028861999511719e+02, 3.028757629394531e+02, 3.028784484863281e+02, 3.029107055664062e+02, 3.029589538574219e+02, 3.029963073730469e+02, 3.030305480957031e+02, 3.030831604003906e+02, 3.031788330078125e+02, 3.033435363769531e+02, 3.036024475097656e+02, 3.039776000976562e+02, 3.044860534667969e+02, 3.051377563476562e+02, 3.059342651367188e+02, 3.068683471679688e+02, 3.079244079589844e+02, 3.090796508789062e+02, 3.103059997558594e+02, 3.115722961425781e+02, 3.128466491699219e+02, 3.140986328125e+02, 3.153010559082031e+02, 3.164313659667969e+02, 3.174723510742188e+02, 3.184125061035156e+02, 3.19245849609375e+02, 3.199713439941406e+02, 3.205921020507812e+02, 3.211144409179688e+02, 3.215469360351562e+02, 3.218994750976562e+02, 3.221825866699219e+02, 3.224066162109375e+02, 3.225814819335938e+02, 3.227161254882812e+02, 3.228185119628906e+02, 3.228954467773438e+02, 3.2295263671875e+02, 3.229946899414062e+02, 3.230253601074219e+02, 3.23047607421875e+02, 3.230636291503906e+02, 3.230751647949219e+02, 3.2308349609375e+02, 3.230895385742188e+02, 3.23093994140625e+02, 3.230973205566406e+02, 3.23099853515625e+02, 3.231018676757812e+02, 3.231034851074219e+02, 3.231048583984375e+02, 3.231060180664062e+02, 3.231070861816406e+02, 3.231080017089844e+02, 3.2310888671875e+02, 3.231096801757812e+02, 3.231104431152344e+02, 3.231111450195312e+02, 3.2311181640625e+02, 3.231124572753906e+02, 3.231130676269531e+02, 3.231136474609375e+02, 3.231141967773438e+02, 3.231147155761719e+02, 3.231152038574219e+02, 3.231156311035156e+02, 3.23115966796875e+02, 3.231162414550781e+02, 3.23116455078125e+02, 3.231166381835938e+02, 3.231167602539062e+02, 3.231168518066406e+02, 3.23116943359375e+02, 3.231170043945312e+02, 3.231170349121094e+02, 3.231170654296875e+02, 3.231170959472656e+02]
hydraulicBus.TRtrnInMea=[3.031499938964844e+02, 3.031465454101562e+02, 3.03139404296875e+02, 3.031304931640625e+02, 3.031201782226562e+02, 3.031091003417969e+02, 3.030973510742188e+02, 3.030852355957031e+02, 3.030728149414062e+02, 3.03060302734375e+02, 3.030477600097656e+02, 3.030351867675781e+02, 3.03022705078125e+02, 3.030101928710938e+02, 3.029977111816406e+02, 3.029852600097656e+02, 3.029728393554688e+02, 3.029604187011719e+02, 3.02947998046875e+02, 3.029356384277344e+02, 3.029232482910156e+02, 3.02910888671875e+02, 3.028985290527344e+02, 3.028861999511719e+02, 3.028757629394531e+02, 3.028784484863281e+02, 3.029107055664062e+02, 3.029589538574219e+02, 3.029963073730469e+02, 3.030305480957031e+02, 3.030831604003906e+02, 3.031788330078125e+02, 3.033435363769531e+02, 3.036024475097656e+02, 3.039776000976562e+02, 3.044860534667969e+02, 3.051377563476562e+02, 3.059342651367188e+02, 3.068683471679688e+02, 3.079244079589844e+02, 3.090796508789062e+02, 3.103059997558594e+02, 3.115722961425781e+02, 3.128466491699219e+02, 3.140986328125e+02, 3.153010559082031e+02, 3.164313659667969e+02, 3.174723510742188e+02, 3.184125061035156e+02, 3.19245849609375e+02, 3.199713439941406e+02, 3.205921020507812e+02, 3.211144409179688e+02, 3.215469360351562e+02, 3.218994750976562e+02, 3.221825866699219e+02, 3.224066162109375e+02, 3.225814819335938e+02, 3.227161254882812e+02, 3.228185119628906e+02, 3.228954467773438e+02, 3.2295263671875e+02, 3.229946899414062e+02, 3.230253601074219e+02, 3.23047607421875e+02, 3.230636291503906e+02, 3.230751647949219e+02, 3.2308349609375e+02, 3.230895385742188e+02, 3.23093994140625e+02, 3.230973205566406e+02, 3.23099853515625e+02, 3.231018676757812e+02, 3.231034851074219e+02, 3.231048583984375e+02, 3.231060180664062e+02, 3.231070861816406e+02, 3.231080017089844e+02, 3.2310888671875e+02, 3.231096801757812e+02, 3.231104431152344e+02, 3.231111450195312e+02, 3.2311181640625e+02, 3.231124572753906e+02, 3.231130676269531e+02, 3.231136474609375e+02, 3.231141967773438e+02, 3.231147155761719e+02, 3.231152038574219e+02, 3.231156311035156e+02, 3.23115966796875e+02, 3.231162414550781e+02, 3.23116455078125e+02, 3.231166381835938e+02, 3.231167602539062e+02, 3.231168518066406e+02, 3.23116943359375e+02, 3.231170043945312e+02, 3.231170349121094e+02, 3.231170654296875e+02, 3.231170959472656e+02]
hydraulicBus.TRtrnOutMea=[3.031499938964844e+02, 3.031465454101562e+02, 3.03139404296875e+02, 3.031304931640625e+02, 3.031201782226562e+02, 3.031091003417969e+02, 3.030973510742188e+02, 3.030852355957031e+02, 3.030728149414062e+02, 3.03060302734375e+02, 3.030477600097656e+02, 3.030351867675781e+02, 3.03022705078125e+02, 3.030101928710938e+02, 3.029977111816406e+02, 3.029852600097656e+02, 3.029728393554688e+02, 3.029604187011719e+02, 3.02947998046875e+02, 3.029356384277344e+02, 3.029232482910156e+02, 3.02910888671875e+02, 3.028985290527344e+02, 3.028861999511719e+02, 3.028817443847656e+02, 3.028943786621094e+02, 3.029268493652344e+02, 3.029692687988281e+02, 3.029981689453125e+02, 3.030137634277344e+02, 3.0302197265625e+02, 3.030276794433594e+02, 3.030355834960938e+02, 3.030514831542969e+02, 3.030828857421875e+02, 3.031393127441406e+02, 3.032322692871094e+02, 3.033748168945312e+02, 3.0358056640625e+02, 3.0386279296875e+02, 3.042331848144531e+02, 3.047006530761719e+02, 3.052704162597656e+02, 3.059432373046875e+02, 3.067151794433594e+02, 3.0757763671875e+02, 3.08517822265625e+02, 3.095196838378906e+02, 3.10564697265625e+02, 3.116331176757812e+02, 3.127051391601562e+02, 3.137618408203125e+02, 3.147861938476562e+02, 3.157635803222656e+02, 3.166822814941406e+02, 3.175335998535156e+02, 3.183118896484375e+02, 3.190143737792969e+02, 3.196407165527344e+02, 3.201927795410156e+02, 3.206739807128906e+02, 3.210890808105469e+02, 3.21443603515625e+02, 3.217434997558594e+02, 3.219949951171875e+02, 3.222040405273438e+02, 3.223764343261719e+02, 3.225175170898438e+02, 3.226321716308594e+02, 3.227247009277344e+02, 3.227989501953125e+02, 3.22858154296875e+02, 3.229051513671875e+02, 3.229422912597656e+02, 3.229715270996094e+02, 3.229945068359375e+02, 3.230124816894531e+02, 3.230265808105469e+02, 3.230376586914062e+02, 3.230463256835938e+02, 3.230531921386719e+02, 3.230586547851562e+02, 3.230630187988281e+02, 3.230665893554688e+02, 3.230694885253906e+02, 3.230719604492188e+02, 3.230740356445312e+02, 3.230758361816406e+02, 3.230773620605469e+02, 3.230786743164062e+02, 3.230798034667969e+02, 3.230807189941406e+02, 3.230814819335938e+02, 3.230820922851562e+02, 3.230825805664062e+02, 3.230829772949219e+02, 3.230832824707031e+02, 3.230835266113281e+02, 3.23083740234375e+02, 3.230838623046875e+02, 3.23083984375e+02]
hydraulicBus.VFlowInMea=[4.065309547329754e-11, 4.065309547329754e-11, 4.065309547329754e-11, 4.065309547329754e-11, 4.065309547329754e-11, 4.065309547329754e-11, 4.065309547329754e-11, 4.065309547329754e-11, 4.065309547329754e-11, 4.065309547329754e-11, 4.065309547329754e-11, 4.065309547329754e-11, 4.065309547329754e-11, 4.065309547329754e-11, 4.065309547329754e-11, 4.065309547329754e-11, 4.065309547329754e-11, 4.065309547329754e-11, 4.065309547329754e-11, 4.065309547329754e-11, 4.065309547329754e-11, 4.065309547329754e-11, 4.065309547329754e-11, 2.169380897143469e-09, 1.108300864416378e-07, 6.83265795942134e-07, 2.11651263271051e-06, 4.484473720367532e-06, 7.344865480263262e-06, 1.025769233820028e-05, 1.307955881202361e-05, 1.581051401444711e-05, 1.848773899837397e-05, 2.115818824677262e-05, 2.384837534918915e-05, 2.655225944181439e-05, 2.926358502008952e-05, 3.197771729901433e-05, 3.469120929366909e-05, 3.740146712516434e-05, 4.010651900898665e-05, 4.280487701180391e-05, 4.549542063614354e-05, 4.817732042283751e-05, 5.084989606984891e-05, 5.35125145688653e-05, 5.616461930912919e-05, 5.880571188754402e-05, 6.143534847069532e-05, 6.405311432899907e-05, 6.665863475063816e-05, 6.925155321368948e-05, 7.183151319622993e-05, 7.439820183208212e-05, 7.695130625506863e-05, 7.949052815092729e-05, 8.201556920539589e-05, 8.45261602080427e-05, 8.702203194843604e-05, 8.950292249210179e-05, 9.196858445648104e-05, 9.441877773497254e-05, 9.685327677289024e-05, 9.927185601554811e-05, 1.016743044601753e-04, 1.040604256559163e-04, 1.064300158759579e-04, 1.087829077732749e-04, 1.111189121729694e-04, 1.134378690039739e-04, 1.157396181952208e-04, 1.180240287794732e-04, 1.202909406856634e-04, 1.225402374984697e-04, 1.247718028025702e-04, 1.269855129066855e-04, 1.291812804993242e-04, 1.313589891651645e-04, 1.335185806965455e-04, 1.356599677819759e-04, 1.377830631099641e-04, 1.398878375766799e-04, 1.41974218422547e-04, 1.440421619918197e-04, 1.460916537325829e-04, 1.481226354371756e-04, 1.498359924880788e-04, 1.510533766122535e-04, 1.519200595794246e-04, 1.525387924630195e-04, 1.529810251668096e-04, 1.532969909021631e-04, 1.535228366265073e-04, 1.536843337817118e-04, 1.537998468847945e-04, 1.538824726594612e-04, 1.539415534352884e-04, 1.539837248856202e-04, 1.540137600386515e-04, 1.540353987365961e-04, 1.540509547339752e-04]
hydraulicBus.VFlowOutMea=[4.065309547329754e-11, 4.065309547329754e-11, 4.065309547329754e-11, 4.065309547329754e-11, 4.065309547329754e-11, 4.065309547329754e-11, 4.065309547329754e-11, 4.065309547329754e-11, 4.065309547329754e-11, 4.065309547329754e-11, 4.065309547329754e-11, 4.065309547329754e-11, 4.065309547329754e-11, 4.065309547329754e-11, 4.065309547329754e-11, 4.065309547329754e-11, 4.065309547329754e-11, 4.065309547329754e-11, 4.065309547329754e-11, 4.065309547329754e-11, 4.065309547329754e-11, 4.065309547329754e-11, 4.065309547329754e-11, 2.169380897143469e-09, 1.108300864416378e-07, 6.83265795942134e-07, 2.11651263271051e-06, 4.484473720367532e-06, 7.344865480263262e-06, 1.025769233820028e-05, 1.307955881202361e-05, 1.581051401444711e-05, 1.848773899837397e-05, 2.115818824677262e-05, 2.384837534918915e-05, 2.655225944181439e-05, 2.926358502008952e-05, 3.197771729901433e-05, 3.469120929366909e-05, 3.740146712516434e-05, 4.010651900898665e-05, 4.280487701180391e-05, 4.549542063614354e-05, 4.817732042283751e-05, 5.084989606984891e-05, 5.35125145688653e-05, 5.616461930912919e-05, 5.880571188754402e-05, 6.143534847069532e-05, 6.405311432899907e-05, 6.665863475063816e-05, 6.925155321368948e-05, 7.183151319622993e-05, 7.439820183208212e-05, 7.695130625506863e-05, 7.949052815092729e-05, 8.201556920539589e-05, 8.45261602080427e-05, 8.702203194843604e-05, 8.950292249210179e-05, 9.196858445648104e-05, 9.441877773497254e-05, 9.685327677289024e-05, 9.927185601554811e-05, 1.016743044601753e-04, 1.040604256559163e-04, 1.064300158759579e-04, 1.087829077732749e-04, 1.111189121729694e-04, 1.134378690039739e-04, 1.157396181952208e-04, 1.180240287794732e-04, 1.202909406856634e-04, 1.225402374984697e-04, 1.247718028025702e-04, 1.269855129066855e-04, 1.291812804993242e-04, 1.313589891651645e-04, 1.335185806965455e-04, 1.356599677819759e-04, 1.377830631099641e-04, 1.398878375766799e-04, 1.41974218422547e-04, 1.440421619918197e-04, 1.460916537325829e-04, 1.481226354371756e-04, 1.498359924880788e-04, 1.510533766122535e-04, 1.519200595794246e-04, 1.525387924630195e-04, 1.529810251668096e-04, 1.532969909021631e-04, 1.535228366265073e-04, 1.536843337817118e-04, 1.537998468847945e-04, 1.538824726594612e-04, 1.539415534352884e-04, 1.539837248856202e-04, 1.540137600386515e-04, 1.540353987365961e-04, 1.540509547339752e-04]
