last-generated=2020-08-28
statistics-initialization=
{
  "nonlinear": "3, 0",
  "numerical Jacobians": "0"
}
statistics-simulation=
{
  "linear": "0, 0, 0, 0, 0, 0, 0, 0, 0, 0, 0, 0",
  "nonlinear": "2",
  "number of continuous time states": "58",
  "numerical Jacobians": "0"
}
time=[0e+00, 8e+02]
hydraulicBus.TFwrdInMea=[3.031499938964844e+02, 3.077197265625e+02, 3.1406640625e+02, 3.178211364746094e+02, 3.200238342285156e+02, 3.213160400390625e+02, 3.220740966796875e+02, 3.225188293457031e+02, 3.2277978515625e+02, 3.229329528808594e+02, 3.230228271484375e+02, 3.230755004882812e+02, 3.231064147949219e+02, 3.231245422363281e+02, 3.231351623535156e+02, 3.23141357421875e+02, 3.231449890136719e+02, 3.231471252441406e+02, 3.231483764648438e+02, 3.231490783691406e+02, 3.231494750976562e+02, 3.231497192382812e+02, 3.231498413085938e+02, 3.2314990234375e+02, 3.231499633789062e+02, 3.231499633789062e+02, 3.231499938964844e+02, 3.231499938964844e+02, 3.231499938964844e+02, 3.231499938964844e+02, 3.231499938964844e+02, 3.231499938964844e+02, 3.231499938964844e+02, 3.231499938964844e+02, 3.231499938964844e+02, 3.231499938964844e+02, 3.231499938964844e+02, 3.231499938964844e+02, 3.231499938964844e+02, 3.231499938964844e+02, 3.231499938964844e+02, 3.231499938964844e+02, 3.231499938964844e+02, 3.231499938964844e+02, 3.231499938964844e+02, 3.231499938964844e+02, 3.231499938964844e+02, 3.231499938964844e+02, 3.231499938964844e+02, 3.231499938964844e+02, 3.231499938964844e+02, 3.231499938964844e+02, 3.231499938964844e+02, 3.231499938964844e+02, 3.231499938964844e+02, 3.231499938964844e+02, 3.231499938964844e+02, 3.231499938964844e+02, 3.231499938964844e+02, 3.231499938964844e+02, 3.231499938964844e+02, 3.231499938964844e+02, 3.231499938964844e+02, 3.231499938964844e+02, 3.231499938964844e+02, 3.231499938964844e+02, 3.231499938964844e+02, 3.231499938964844e+02, 3.231499938964844e+02, 3.231499938964844e+02, 3.231499938964844e+02, 3.231499938964844e+02, 3.231499938964844e+02, 3.231499938964844e+02, 3.231499938964844e+02, 3.231499938964844e+02, 3.231499938964844e+02, 3.231499938964844e+02, 3.231499938964844e+02, 3.231499938964844e+02, 3.231499938964844e+02, 3.231499938964844e+02, 3.231499938964844e+02, 3.231499938964844e+02, 3.231499938964844e+02, 3.231499938964844e+02, 3.231499938964844e+02, 3.231499938964844e+02, 3.231499938964844e+02, 3.231499938964844e+02, 3.231499938964844e+02, 3.231499938964844e+02, 3.231499938964844e+02, 3.231499938964844e+02, 3.231499938964844e+02, 3.231499938964844e+02, 3.231499938964844e+02, 3.231499938964844e+02, 3.231499938964844e+02, 3.231499938964844e+02, 3.231499938964844e+02]
hydraulicBus.TFwrdOutMea=[3.031499938964844e+02, 3.031494750976562e+02, 3.031496887207031e+02, 3.031508483886719e+02, 3.0315185546875e+02, 3.03152587890625e+02, 3.031533508300781e+02, 3.031541748046875e+02, 3.03155029296875e+02, 3.031559448242188e+02, 3.031568908691406e+02, 3.031578674316406e+02, 3.031588745117188e+02, 3.03159912109375e+02, 3.031610107421875e+02, 3.031621398925781e+02, 3.03163330078125e+02, 3.031645202636719e+02, 3.03165771484375e+02, 3.031670837402344e+02, 3.031683959960938e+02, 3.031697692871094e+02, 3.031711730957031e+02, 3.03172607421875e+02, 3.031744079589844e+02, 3.031805419921875e+02, 3.032022094726562e+02, 3.032486572265625e+02, 3.033202209472656e+02, 3.034169006347656e+02, 3.035405578613281e+02, 3.03693115234375e+02, 3.03876220703125e+02, 3.040912170410156e+02, 3.043394470214844e+02, 3.046220092773438e+02, 3.049397277832031e+02, 3.052931213378906e+02, 3.05682373046875e+02, 3.061072998046875e+02, 3.065672302246094e+02, 3.070611267089844e+02, 3.075874938964844e+02, 3.081443786621094e+02, 3.087293701171875e+02, 3.093397216796875e+02, 3.099721984863281e+02, 3.10623291015625e+02, 3.112891845703125e+02, 3.119658508300781e+02, 3.126489868164062e+02, 3.133343200683594e+02, 3.140174255371094e+02, 3.146939392089844e+02, 3.153595275878906e+02, 3.160101013183594e+02, 3.166417236328125e+02, 3.172507019042969e+02, 3.17833740234375e+02, 3.183879089355469e+02, 3.189107055664062e+02, 3.194001159667969e+02, 3.198546752929688e+02, 3.202734069824219e+02, 3.206558837890625e+02, 3.210023193359375e+02, 3.213132934570312e+02, 3.215900268554688e+02, 3.218340148925781e+02, 3.220472106933594e+02, 3.222317810058594e+02, 3.223901672363281e+02, 3.225248718261719e+02, 3.226383972167969e+02, 3.227332763671875e+02, 3.228119201660156e+02, 3.228765869140625e+02, 3.229293518066406e+02, 3.229721069335938e+02, 3.230065002441406e+02, 3.230340270996094e+02, 3.230559692382812e+02, 3.230733642578125e+02, 3.23087158203125e+02, 3.230980834960938e+02, 3.231067810058594e+02, 3.231137390136719e+02, 3.23119384765625e+02, 3.231239929199219e+02, 3.23127685546875e+02, 3.231305847167969e+02, 3.231328125e+02, 3.23134521484375e+02, 3.231358337402344e+02, 3.231368103027344e+02, 3.231375732421875e+02, 3.231381225585938e+02, 3.231385498046875e+02, 3.231388549804688e+02, 3.231390991210938e+02, 3.231392822265625e+02]
hydraulicBus.TRtrnInMea=[3.031499938964844e+02, 3.031494750976562e+02, 3.031496887207031e+02, 3.031508483886719e+02, 3.0315185546875e+02, 3.03152587890625e+02, 3.031533508300781e+02, 3.031541748046875e+02, 3.03155029296875e+02, 3.031559448242188e+02, 3.031568908691406e+02, 3.031578674316406e+02, 3.031588745117188e+02, 3.03159912109375e+02, 3.031610107421875e+02, 3.031621398925781e+02, 3.03163330078125e+02, 3.031645202636719e+02, 3.03165771484375e+02, 3.031670837402344e+02, 3.031683959960938e+02, 3.031697692871094e+02, 3.031711730957031e+02, 3.03172607421875e+02, 3.031744079589844e+02, 3.031805419921875e+02, 3.032022094726562e+02, 3.032486572265625e+02, 3.033202209472656e+02, 3.034169006347656e+02, 3.035405578613281e+02, 3.03693115234375e+02, 3.03876220703125e+02, 3.040912170410156e+02, 3.043394470214844e+02, 3.046220092773438e+02, 3.049397277832031e+02, 3.052931213378906e+02, 3.05682373046875e+02, 3.061072998046875e+02, 3.065672302246094e+02, 3.070611267089844e+02, 3.075874938964844e+02, 3.081443786621094e+02, 3.087293701171875e+02, 3.093397216796875e+02, 3.099721984863281e+02, 3.10623291015625e+02, 3.112891845703125e+02, 3.119658508300781e+02, 3.126489868164062e+02, 3.133343200683594e+02, 3.140174255371094e+02, 3.146939392089844e+02, 3.153595275878906e+02, 3.160101013183594e+02, 3.166417236328125e+02, 3.172507019042969e+02, 3.17833740234375e+02, 3.183879089355469e+02, 3.189107055664062e+02, 3.194001159667969e+02, 3.198546752929688e+02, 3.202734069824219e+02, 3.206558837890625e+02, 3.210023193359375e+02, 3.213132934570312e+02, 3.215900268554688e+02, 3.218340148925781e+02, 3.220472106933594e+02, 3.222317810058594e+02, 3.223901672363281e+02, 3.225248718261719e+02, 3.226383972167969e+02, 3.227332763671875e+02, 3.228119201660156e+02, 3.228765869140625e+02, 3.229293518066406e+02, 3.229721069335938e+02, 3.230065002441406e+02, 3.230340270996094e+02, 3.230559692382812e+02, 3.230733642578125e+02, 3.23087158203125e+02, 3.230980834960938e+02, 3.231067810058594e+02, 3.231137390136719e+02, 3.23119384765625e+02, 3.231239929199219e+02, 3.23127685546875e+02, 3.231305847167969e+02, 3.231328125e+02, 3.23134521484375e+02, 3.231358337402344e+02, 3.231368103027344e+02, 3.231375732421875e+02, 3.231381225585938e+02, 3.231385498046875e+02, 3.231388549804688e+02, 3.231390991210938e+02, 3.231392822265625e+02]
hydraulicBus.TRtrnOutMea=[3.031499938964844e+02, 3.031498107910156e+02, 3.031479797363281e+02, 3.031454772949219e+02, 3.031426696777344e+02, 3.031396789550781e+02, 3.031365661621094e+02, 3.031333923339844e+02, 3.031302185058594e+02, 3.031270141601562e+02, 3.031238098144531e+02, 3.0312060546875e+02, 3.03117431640625e+02, 3.031142578125e+02, 3.03111083984375e+02, 3.031079406738281e+02, 3.031047973632812e+02, 3.031016845703125e+02, 3.030986022949219e+02, 3.030954895019531e+02, 3.030924377441406e+02, 3.030893859863281e+02, 3.030863342285156e+02, 3.030832824707031e+02, 3.030804748535156e+02, 3.030792541503906e+02, 3.030805053710938e+02, 3.030845642089844e+02, 3.030925598144531e+02, 3.031063232421875e+02, 3.031279296875e+02, 3.03159912109375e+02, 3.03205078125e+02, 3.032665405273438e+02, 3.033477172851562e+02, 3.034521789550781e+02, 3.035836791992188e+02, 3.037460021972656e+02, 3.039429016113281e+02, 3.041779174804688e+02, 3.04454345703125e+02, 3.047750549316406e+02, 3.051422424316406e+02, 3.055574951171875e+02, 3.060215454101562e+02, 3.065342102050781e+02, 3.070942993164062e+02, 3.076996154785156e+02, 3.083468933105469e+02, 3.090318908691406e+02, 3.097494812011719e+02, 3.104937438964844e+02, 3.112582092285156e+02, 3.120359191894531e+02, 3.128197326660156e+02, 3.136024169921875e+02, 3.143769226074219e+02, 3.15136474609375e+02, 3.15874755859375e+02, 3.165861511230469e+02, 3.172656555175781e+02, 3.179091186523438e+02, 3.185130615234375e+02, 3.190750122070312e+02, 3.195932006835938e+02, 3.200668334960938e+02, 3.204957885742188e+02, 3.208807373046875e+02, 3.212230224609375e+02, 3.215245666503906e+02, 3.217877502441406e+02, 3.220153198242188e+02, 3.222103271484375e+02, 3.223759155273438e+02, 3.225152893066406e+02, 3.22631591796875e+02, 3.227278137207031e+02, 3.228068237304688e+02, 3.228712158203125e+02, 3.229232177734375e+02, 3.229650573730469e+02, 3.229985046386719e+02, 3.230250549316406e+02, 3.230460815429688e+02, 3.230626831054688e+02, 3.230758056640625e+02, 3.230861206054688e+02, 3.230943298339844e+02, 3.231008605957031e+02, 3.231061706542969e+02, 3.231104125976562e+02, 3.2311376953125e+02, 3.231164245605469e+02, 3.231184692382812e+02, 3.231200561523438e+02, 3.231212463378906e+02, 3.231221618652344e+02, 3.231228332519531e+02, 3.231233520507812e+02, 3.231237487792969e+02, 3.231240234375e+02]
hydraulicBus.VFlowInMea=[-2.076165624444273e-23, 8.234197821366251e-07, 1.021051957650343e-06, 1.046431634676992e-06, 1.049617026183114e-06, 1.050016180670355e-06, 1.050069045049895e-06, 1.050075752573321e-06, 1.050077230502211e-06, 1.050076207320672e-06, 1.050076321007509e-06, 1.050076321007509e-06, 1.050076207320672e-06, 1.050076207320672e-06, 1.050076321007509e-06, 1.050076321007509e-06, 1.050076207320672e-06, 1.050076207320672e-06, 1.050076321007509e-06, 1.050076321007509e-06, 1.050076321007509e-06, 1.050076207320672e-06, 1.050076207320672e-06, 2.844222535713925e-06, 1.404657268722076e-05, 2.591357042547315e-05, 2.75056081591174e-05, 2.879637759178877e-05, 3.02881653624354e-05, 3.196292527718469e-05, 3.380980706424452e-05, 3.582306089811027e-05, 3.80007186322473e-05, 4.03436497435905e-05, 4.285490649635904e-05, 4.55393164884299e-05, 4.840308611164801e-05, 5.145354589330964e-05, 5.469899406307377e-05, 5.814852556795813e-05, 6.181190110510215e-05, 6.569934339495376e-05, 6.982147897360846e-05, 7.418927998514846e-05, 7.881387136876583e-05, 8.370644354727119e-05, 8.887804870028049e-05, 9.433946979697794e-05, 1.001009659375995e-04, 1.061720904544927e-04, 1.12561414425727e-04, 1.192762138089165e-04, 1.263221638510004e-04, 1.337029825663194e-04, 1.414200378349051e-04, 1.494719763286412e-04, 1.578542432980612e-04, 1.665587769821286e-04, 1.755735429469495e-04, 1.848822721512988e-04, 1.944641699083149e-04, 2.042937412625179e-04, 2.143407764378935e-04, 2.245704672532156e-04, 2.349436836084351e-04, 2.454174391459674e-04, 2.55945575190708e-04, 2.66479590209201e-04, 2.76969512924552e-04, 2.87365197436884e-04, 2.976171963382512e-04, 3.076781868003309e-04, 3.175037272740155e-04, 3.270534507464617e-04, 3.362916177138686e-04, 3.45187756465748e-04, 3.537168959155679e-04, 3.618595364969224e-04, 3.696015919558704e-04, 3.769338654819876e-04, 3.838516713585705e-04, 3.90353990951553e-04, 3.964430361520499e-04, 4.021233471576124e-04, 4.074013559147716e-04, 4.122846876271069e-04, 4.161317483521998e-04, 4.187174490652978e-04, 4.204847209621221e-04, 4.217091191094369e-04, 4.225656448397785e-04, 4.231689090374857e-04, 4.23595542088151e-04, 4.238983383402228e-04, 4.241139104124159e-04, 4.242675786372274e-04, 4.243771836627275e-04, 4.244580049999058e-04, 4.245186573825777e-04, 4.245626914780587e-04, 4.245940654072911e-04]
hydraulicBus.VFlowOutMea=[4.896446666915384e-17, 3.54230054654181e-04, 3.988466924056411e-04, 4.044437955599278e-04, 4.051449650432914e-04, 4.052328004036099e-04, 4.052444419357926e-04, 4.052459262311459e-04, 4.052462463732809e-04, 4.052460135426372e-04, 4.052460426464677e-04, 4.052460426464677e-04, 4.052460135426372e-04, 4.052460135426372e-04, 4.052460426464677e-04, 4.052460426464677e-04, 4.052460135426372e-04, 4.052460426464677e-04, 4.052460426464677e-04, 4.052460426464677e-04, 4.052460426464677e-04, 4.052460426464677e-04, 4.052460426464677e-04, 4.06905630370602e-04, 4.172072804067284e-04, 4.27841383498162e-04, 4.285099566914141e-04, 4.28727304097265e-04, 4.289990465622395e-04, 4.293282108847052e-04, 4.297182604204863e-04, 4.301728331483901e-04, 4.306957125663757e-04, 4.312910605221987e-04, 4.319630970712751e-04, 4.327163915149868e-04, 4.335557168815285e-04, 4.344859917182475e-04, 4.355123674031347e-04, 4.36640199040994e-04, 4.378748417366296e-04, 4.392214468680322e-04, 4.406851076055318e-04, 4.422710335347801e-04, 4.439841723069549e-04, 4.458292096387595e-04, 4.478103073779494e-04, 4.499310161918402e-04, 4.52194013632834e-04, 4.546010750345886e-04, 4.571525787469e-04, 4.598474479280412e-04, 4.626827721949667e-04, 4.656534583773464e-04, 4.687519976869226e-04, 4.719680000562221e-04, 4.752879031002522e-04, 4.786946519743651e-04, 4.82167350128293e-04, 4.856809391640127e-04, 4.892061115242541e-04, 4.927090485580266e-04, 4.961516824550927e-04, 4.994915216229856e-04, 5.026821745559573e-04, 5.056738154962659e-04, 5.084137083031237e-04, 5.108471377752721e-04, 5.129184573888779e-04, 5.145720206201077e-04, 5.157534615136683e-04, 5.164109170436859e-04, 5.164960166439414e-04, 5.159652791917324e-04, 5.147809279151261e-04, 5.12911647092551e-04, 5.103332223370671e-04, 5.070290644653141e-04, 5.029902677051723e-04, 4.982157261110842e-04, 4.927119589410722e-04, 4.864928778260946e-04, 4.795793211087584e-04, 4.719986754935235e-04, 4.63784352177754e-04, 4.549751174636185e-04, 4.470515705179423e-04, 4.411506815813482e-04, 4.36813774285838e-04, 4.336578713264316e-04, 4.3137461761944e-04, 4.297276609577239e-04, 4.285429313313216e-04, 4.276919062249362e-04, 4.270807257853448e-04, 4.266423347871751e-04, 4.263280425220728e-04, 4.26058191806078e-04, 4.258148255757987e-04, 4.256302199792117e-04, 4.255002713762224e-04]
