last-generated=2020-08-28
statistics-initialization=
{
  "nonlinear": "1, 0",
  "numerical Jacobians": "0"
}
statistics-simulation=
{
  "linear": "0, 0, 0, 0, 0, 0, 0, 0",
  "nonlinear": "1",
  "number of continuous time states": "42",
  "numerical Jacobians": "0"
}
time=[0e+00, 6e+02]
hydraulicBus.TFwrdInMea=[3.031499938964844e+02, 3.031488952636719e+02, 3.031460571289062e+02, 3.031421203613281e+02, 3.031374206542969e+02, 3.031322326660156e+02, 3.03126708984375e+02, 3.031209716796875e+02, 3.031150512695312e+02, 3.031090698242188e+02, 3.0310302734375e+02, 3.03096923828125e+02, 3.030908203125e+02, 3.030846862792969e+02, 3.030785217285156e+02, 3.030723876953125e+02, 3.030662231445312e+02, 3.0306005859375e+02, 3.030539245605469e+02, 3.030477600097656e+02, 3.030415954589844e+02, 3.030354614257812e+02, 3.030293273925781e+02, 3.03023193359375e+02, 3.030170593261719e+02, 3.030109252929688e+02, 3.030047912597656e+02, 3.029986572265625e+02, 3.029925537109375e+02, 3.029864196777344e+02, 3.029803161621094e+02, 3.0299755859375e+02, 3.042732849121094e+02, 3.0910791015625e+02, 3.137055969238281e+02, 3.168192138671875e+02, 3.189059753417969e+02, 3.2030517578125e+02, 3.212433776855469e+02, 3.218719482421875e+02, 3.222931823730469e+02, 3.225757141113281e+02, 3.227651062011719e+02, 3.228919982910156e+02, 3.2297705078125e+02, 3.230340576171875e+02, 3.23072265625e+02, 3.23097900390625e+02, 3.231150817871094e+02, 3.231265869140625e+02, 3.231343078613281e+02, 3.231394958496094e+02, 3.231429443359375e+02, 3.23145263671875e+02, 3.231468200683594e+02, 3.231478576660156e+02, 3.231485595703125e+02, 3.231490478515625e+02, 3.231493530273438e+02, 3.231495666503906e+02, 3.231497192382812e+02, 3.231498107910156e+02, 3.231498718261719e+02, 3.2314990234375e+02, 3.231499328613281e+02, 3.231499633789062e+02, 3.231499633789062e+02, 3.231499938964844e+02, 3.231499938964844e+02, 3.231499938964844e+02, 3.231499938964844e+02, 3.231499938964844e+02, 3.231499938964844e+02, 3.231499938964844e+02, 3.231499938964844e+02, 3.231499938964844e+02, 3.231499938964844e+02, 3.231499938964844e+02, 3.231499938964844e+02, 3.231499938964844e+02, 3.231499938964844e+02, 3.231499938964844e+02, 3.231499938964844e+02, 3.231499938964844e+02, 3.231499938964844e+02, 3.231499938964844e+02, 3.231499938964844e+02, 3.231499938964844e+02, 3.231499938964844e+02, 3.231499938964844e+02, 3.231499938964844e+02, 3.231499938964844e+02, 3.231499938964844e+02, 3.231499938964844e+02, 3.231499938964844e+02, 3.231499938964844e+02, 3.231499938964844e+02, 3.231499938964844e+02, 3.231499938964844e+02, 3.231499938964844e+02, 3.231499938964844e+02]
hydraulicBus.TFwrdOutMea=[3.031499938964844e+02, 3.031488952636719e+02, 3.031460571289062e+02, 3.0314208984375e+02, 3.031373291015625e+02, 3.031321105957031e+02, 3.031265258789062e+02, 3.031207275390625e+02, 3.031147766113281e+02, 3.031087036132812e+02, 3.031026000976562e+02, 3.03096435546875e+02, 3.030902404785156e+02, 3.030840454101562e+02, 3.030778198242188e+02, 3.030715942382812e+02, 3.030653686523438e+02, 3.030591430664062e+02, 3.030529174804688e+02, 3.030467224121094e+02, 3.030404968261719e+02, 3.030342712402344e+02, 3.03028076171875e+02, 3.030218505859375e+02, 3.030156555175781e+02, 3.030094604492188e+02, 3.030032653808594e+02, 3.029970703125e+02, 3.029908752441406e+02, 3.029846801757812e+02, 3.02978515625e+02, 3.029729309082031e+02, 3.029768676757812e+02, 3.030036315917969e+02, 3.030294189453125e+02, 3.030467834472656e+02, 3.030587768554688e+02, 3.030675659179688e+02, 3.030749206542969e+02, 3.0308251953125e+02, 3.030927734375e+02, 3.031098937988281e+02, 3.031410522460938e+02, 3.031976318359375e+02, 3.032958679199219e+02, 3.034568176269531e+02, 3.037051086425781e+02, 3.040666809082031e+02, 3.045654296875e+02, 3.052196044921875e+02, 3.060385131835938e+02, 3.070199890136719e+02, 3.081496276855469e+02, 3.094014587402344e+02, 3.107403869628906e+02, 3.121254272460938e+02, 3.135137329101562e+02, 3.148644714355469e+02, 3.161421508789062e+02, 3.173188171386719e+02, 3.183753051757812e+02, 3.193013000488281e+02, 3.200946044921875e+02, 3.20759521484375e+02, 3.21305419921875e+02, 3.217450561523438e+02, 3.220925903320312e+02, 3.223626403808594e+02, 3.22569091796875e+02, 3.227246398925781e+02, 3.228401184082031e+02, 3.229248352050781e+02, 3.229862365722656e+02, 3.230303344726562e+02, 3.230617370605469e+02, 3.23083984375e+02, 3.230997009277344e+02, 3.231107482910156e+02, 3.231184997558594e+02, 3.231239624023438e+02, 3.231278686523438e+02, 3.231306457519531e+02, 3.231326904296875e+02, 3.231341857910156e+02, 3.231353454589844e+02, 3.2313623046875e+02, 3.23136962890625e+02, 3.231375732421875e+02, 3.231380615234375e+02, 3.231385192871094e+02, 3.231388854980469e+02, 3.231392517089844e+02, 3.231395874023438e+02, 3.23139892578125e+02, 3.231401672363281e+02, 3.231404418945312e+02, 3.231406860351562e+02, 3.231409301757812e+02, 3.231411437988281e+02, 3.231413879394531e+02, 3.231415710449219e+02]
hydraulicBus.TRtrnInMea=[3.031499938964844e+02, 3.031488952636719e+02, 3.031460571289062e+02, 3.0314208984375e+02, 3.031373291015625e+02, 3.031321105957031e+02, 3.031265258789062e+02, 3.031207275390625e+02, 3.031147766113281e+02, 3.031087036132812e+02, 3.031026000976562e+02, 3.03096435546875e+02, 3.030902404785156e+02, 3.030840454101562e+02, 3.030778198242188e+02, 3.030715942382812e+02, 3.030653686523438e+02, 3.030591430664062e+02, 3.030529174804688e+02, 3.030467224121094e+02, 3.030404968261719e+02, 3.030342712402344e+02, 3.03028076171875e+02, 3.030218505859375e+02, 3.030156555175781e+02, 3.030094604492188e+02, 3.030032653808594e+02, 3.029970703125e+02, 3.029908752441406e+02, 3.029846801757812e+02, 3.02978515625e+02, 3.029729309082031e+02, 3.029768676757812e+02, 3.030036315917969e+02, 3.030294189453125e+02, 3.030467834472656e+02, 3.030587768554688e+02, 3.030675659179688e+02, 3.030749206542969e+02, 3.0308251953125e+02, 3.030927734375e+02, 3.031098937988281e+02, 3.031410522460938e+02, 3.031976318359375e+02, 3.032958679199219e+02, 3.034568176269531e+02, 3.037051086425781e+02, 3.040666809082031e+02, 3.045654296875e+02, 3.052196044921875e+02, 3.060385131835938e+02, 3.070199890136719e+02, 3.081496276855469e+02, 3.094014587402344e+02, 3.107403869628906e+02, 3.121254272460938e+02, 3.135137329101562e+02, 3.148644714355469e+02, 3.161421508789062e+02, 3.173188171386719e+02, 3.183753051757812e+02, 3.193013000488281e+02, 3.200946044921875e+02, 3.20759521484375e+02, 3.21305419921875e+02, 3.217450561523438e+02, 3.220925903320312e+02, 3.223626403808594e+02, 3.22569091796875e+02, 3.227246398925781e+02, 3.228401184082031e+02, 3.229248352050781e+02, 3.229862365722656e+02, 3.230303344726562e+02, 3.230617370605469e+02, 3.23083984375e+02, 3.230997009277344e+02, 3.231107482910156e+02, 3.231184997558594e+02, 3.231239624023438e+02, 3.231278686523438e+02, 3.231306457519531e+02, 3.231326904296875e+02, 3.231341857910156e+02, 3.231353454589844e+02, 3.2313623046875e+02, 3.23136962890625e+02, 3.231375732421875e+02, 3.231380615234375e+02, 3.231385192871094e+02, 3.231388854980469e+02, 3.231392517089844e+02, 3.231395874023438e+02, 3.23139892578125e+02, 3.231401672363281e+02, 3.231404418945312e+02, 3.231406860351562e+02, 3.231409301757812e+02, 3.231411437988281e+02, 3.231413879394531e+02, 3.231415710449219e+02]
hydraulicBus.TRtrnOutMea=[3.031499938964844e+02, 3.031488952636719e+02, 3.031460571289062e+02, 3.031421203613281e+02, 3.031374206542969e+02, 3.031322326660156e+02, 3.03126708984375e+02, 3.031209411621094e+02, 3.031150512695312e+02, 3.031090698242188e+02, 3.0310302734375e+02, 3.03096923828125e+02, 3.030907897949219e+02, 3.030846557617188e+02, 3.030785217285156e+02, 3.030723571777344e+02, 3.030661926269531e+02, 3.030600280761719e+02, 3.030538940429688e+02, 3.030477294921875e+02, 3.030415954589844e+02, 3.030354309082031e+02, 3.03029296875e+02, 3.030231628417969e+02, 3.030169982910156e+02, 3.030108947753906e+02, 3.030047607421875e+02, 3.029986267089844e+02, 3.029924926757812e+02, 3.029863891601562e+02, 3.029802551269531e+02, 3.029768981933594e+02, 3.029842224121094e+02, 3.030097351074219e+02, 3.030331726074219e+02, 3.0304833984375e+02, 3.03057861328125e+02, 3.030636596679688e+02, 3.03067138671875e+02, 3.030692749023438e+02, 3.030709533691406e+02, 3.030731811523438e+02, 3.030775146484375e+02, 3.030867919921875e+02, 3.031058654785156e+02, 3.031427307128906e+02, 3.032093200683594e+02, 3.033220520019531e+02, 3.035015258789062e+02, 3.037713928222656e+02, 3.041559753417969e+02, 3.046773681640625e+02, 3.053520202636719e+02, 3.061876525878906e+02, 3.071811218261719e+02, 3.083175964355469e+02, 3.095712890625e+02, 3.109074401855469e+02, 3.122858581542969e+02, 3.1366455078125e+02, 3.150035400390625e+02, 3.162681274414062e+02, 3.174310607910156e+02, 3.184736328125e+02, 3.193857727050781e+02, 3.201657409667969e+02, 3.208182373046875e+02, 3.213528137207031e+02, 3.217822570800781e+02, 3.221209106445312e+02, 3.223833312988281e+02, 3.225833740234375e+02, 3.227335510253906e+02, 3.228447570800781e+02, 3.229261169433594e+02, 3.229850158691406e+02, 3.230272827148438e+02, 3.23057373046875e+02, 3.230786437988281e+02, 3.230936584472656e+02, 3.23104248046875e+02, 3.231117248535156e+02, 3.231170349121094e+02, 3.23120849609375e+02, 3.231236267089844e+02, 3.231257019042969e+02, 3.231272583007812e+02, 3.231284790039062e+02, 3.231294555664062e+02, 3.231302795410156e+02, 3.231309509277344e+02, 3.231315307617188e+02, 3.231320495605469e+02, 3.231325378417969e+02, 3.231329650878906e+02, 3.231333923339844e+02, 3.231337890625e+02, 3.231341552734375e+02, 3.231344909667969e+02, 3.231348266601562e+02, 3.231351623535156e+02]
hydraulicBus.VFlowInMea=[-1.804633952043354e-25, 5.464977359537215e-10, 8.011563634724439e-10, 8.610325230584692e-10, 8.739293178017249e-10, 8.766605774646052e-10, 8.772375603705029e-10, 8.773595738809092e-10, 8.773852200327781e-10, 8.773906601255987e-10, 8.773925475047406e-10, 8.773922144378332e-10, 8.773923254601357e-10, 8.773929915939505e-10, 8.773930471051017e-10, 8.773928250604968e-10, 8.773921034155308e-10, 8.77392158926682e-10, 8.773921034155308e-10, 8.773926030158918e-10, 8.773929360827992e-10, 8.773931026162529e-10, 8.773931026162529e-10, 8.773929915939505e-10, 8.773929360827992e-10, 8.773927140381943e-10, 8.773926585270431e-10, 8.773927695493455e-10, 8.773927140381943e-10, 8.773928250604968e-10, 8.773929360827992e-10, 1.935078586257077e-07, 2.330887809876003e-06, 7.866222404118162e-06, 1.434894693375102e-05, 2.104200575558934e-05, 2.832686914189253e-05, 3.615568857640028e-05, 4.440705379238352e-05, 5.298659380059689e-05, 6.182061770232394e-05, 7.085159450070928e-05, 8.003494440345094e-05, 8.933586650528014e-05, 9.872714872471988e-05, 1.081876107491553e-04, 1.177006706711836e-04, 1.272533409064636e-04, 1.368355005979538e-04, 1.464391680201516e-04, 1.560580567456782e-04, 1.656872045714408e-04, 1.753226533764973e-04, 1.849612599471584e-04, 1.946004922501743e-04, 2.042382548097521e-04, 2.138728741556407e-04, 2.235036517959087e-04, 2.331309515284374e-04, 2.427535800961778e-04, 2.523703733459115e-04, 2.619801089167595e-04, 2.715816081035882e-04, 2.81173677649349e-04, 2.907550660893321e-04, 3.00324521958828e-04, 3.098806773778051e-04, 3.194221644662321e-04, 3.289475571364165e-04, 3.384553710930048e-04, 3.479440638329834e-04, 3.574119764380157e-04, 3.668575081974268e-04, 3.762789419852197e-04, 3.856745315715671e-04, 3.9504244341515e-04, 4.043808439746499e-04, 4.136878997087479e-04, 4.229616606608033e-04, 4.322002350818366e-04, 4.413993447087705e-04, 4.505372780840845e-04, 4.596088256221264e-04, 4.686139000114053e-04, 4.775525012519211e-04, 4.864247748628259e-04, 4.952310118824244e-04, 5.039715906605124e-04, 5.126470350660384e-04, 5.212578107602894e-04, 5.298046162351966e-04, 5.382882663980126e-04, 5.467094597406685e-04, 5.550691857933998e-04, 5.633683176711202e-04, 5.71607961319387e-04, 5.797890480607748e-04, 5.879128584638238e-04, 5.959804402664304e-04, 6.039930158294737e-04, 6.119519239291549e-04]
hydraulicBus.VFlowOutMea=[-1.804633952043354e-25, 5.464977359537215e-10, 8.011563634724439e-10, 8.610325230584692e-10, 8.739293178017249e-10, 8.766605774646052e-10, 8.772375603705029e-10, 8.773595738809092e-10, 8.773852200327781e-10, 8.773906601255987e-10, 8.773925475047406e-10, 8.773922144378332e-10, 8.773923254601357e-10, 8.773929915939505e-10, 8.773930471051017e-10, 8.773928250604968e-10, 8.773921034155308e-10, 8.77392158926682e-10, 8.773921034155308e-10, 8.773926030158918e-10, 8.773929360827992e-10, 8.773931026162529e-10, 8.773931026162529e-10, 8.773929915939505e-10, 8.773929360827992e-10, 8.773927140381943e-10, 8.773926585270431e-10, 8.773927695493455e-10, 8.773927140381943e-10, 8.773928250604968e-10, 8.773929360827992e-10, 1.935078586257077e-07, 2.330887809876003e-06, 7.866222404118162e-06, 1.434894693375102e-05, 2.104200575558934e-05, 2.832686914189253e-05, 3.615568857640028e-05, 4.440705379238352e-05, 5.298659380059689e-05, 6.182061770232394e-05, 7.085159450070928e-05, 8.003494440345094e-05, 8.933586650528014e-05, 9.872714872471988e-05, 1.081876107491553e-04, 1.177006706711836e-04, 1.272533409064636e-04, 1.368355005979538e-04, 1.464391680201516e-04, 1.560580567456782e-04, 1.656872045714408e-04, 1.753226533764973e-04, 1.849612599471584e-04, 1.946004922501743e-04, 2.042382548097521e-04, 2.138728741556407e-04, 2.235036517959087e-04, 2.331309515284374e-04, 2.427535800961778e-04, 2.523703733459115e-04, 2.619801089167595e-04, 2.715816081035882e-04, 2.81173677649349e-04, 2.907550660893321e-04, 3.00324521958828e-04, 3.098806773778051e-04, 3.194221644662321e-04, 3.289475571364165e-04, 3.384553710930048e-04, 3.479440638329834e-04, 3.574119764380157e-04, 3.668575081974268e-04, 3.762789419852197e-04, 3.856745315715671e-04, 3.9504244341515e-04, 4.043808439746499e-04, 4.136878997087479e-04, 4.229616606608033e-04, 4.322002350818366e-04, 4.413993447087705e-04, 4.505372780840845e-04, 4.596088256221264e-04, 4.686139000114053e-04, 4.775525012519211e-04, 4.864247748628259e-04, 4.952310118824244e-04, 5.039715906605124e-04, 5.126470350660384e-04, 5.212578107602894e-04, 5.298046162351966e-04, 5.382882663980126e-04, 5.467094597406685e-04, 5.550691857933998e-04, 5.633683176711202e-04, 5.71607961319387e-04, 5.797890480607748e-04, 5.879128584638238e-04, 5.959804402664304e-04, 6.039930158294737e-04, 6.119519239291549e-04]
