last-generated=2020-08-19
statistics-simulation=
{
  "linear": "0, 0",
  "nonlinear": " ",
  "number of continuous time states": "9",
  "numerical Jacobians": "0"
}
time=[0e+00, 1.728e+05]
TSet.y=[2.891499938964844e+02, 2.891499938964844e+02, 2.891499938964844e+02, 2.891499938964844e+02, 2.891499938964844e+02, 2.891499938964844e+02, 2.891499938964844e+02, 2.891499938964844e+02, 2.891499938964844e+02, 2.891499938964844e+02, 2.891499938964844e+02, 2.891499938964844e+02, 2.891499938964844e+02, 2.891499938964844e+02, 2.891499938964844e+02, 2.931499938964844e+02, 2.931499938964844e+02, 2.931499938964844e+02, 2.931499938964844e+02, 2.931499938964844e+02, 2.931499938964844e+02, 2.931499938964844e+02, 2.931499938964844e+02, 2.931499938964844e+02, 2.931499938964844e+02, 2.931499938964844e+02, 2.931499938964844e+02, 2.931499938964844e+02, 2.931499938964844e+02, 2.931499938964844e+02, 2.931499938964844e+02, 2.931499938964844e+02, 2.931499938964844e+02, 2.931499938964844e+02, 2.931499938964844e+02, 2.931499938964844e+02, 2.931499938964844e+02, 2.931499938964844e+02, 2.931499938964844e+02, 2.931499938964844e+02, 2.891499938964844e+02, 2.891499938964844e+02, 2.891499938964844e+02, 2.891499938964844e+02, 2.891499938964844e+02, 2.891499938964844e+02, 2.891499938964844e+02, 2.891499938964844e+02, 2.891499938964844e+02, 2.891499938964844e+02, 2.891499938964844e+02, 2.891499938964844e+02, 2.891499938964844e+02, 2.891499938964844e+02, 2.891499938964844e+02, 2.891499938964844e+02, 2.891499938964844e+02, 2.891499938964844e+02, 2.891499938964844e+02, 2.891499938964844e+02, 2.891499938964844e+02, 2.891499938964844e+02, 2.891499938964844e+02, 2.891499938964844e+02, 2.891499938964844e+02, 2.931499938964844e+02, 2.931499938964844e+02, 2.931499938964844e+02, 2.931499938964844e+02, 2.931499938964844e+02, 2.931499938964844e+02, 2.931499938964844e+02, 2.931499938964844e+02, 2.931499938964844e+02, 2.931499938964844e+02, 2.931499938964844e+02, 2.931499938964844e+02, 2.931499938964844e+02, 2.931499938964844e+02, 2.931499938964844e+02, 2.931499938964844e+02, 2.931499938964844e+02, 2.931499938964844e+02, 2.931499938964844e+02, 2.931499938964844e+02, 2.931499938964844e+02, 2.931499938964844e+02, 2.931499938964844e+02, 2.931499938964844e+02, 2.931499938964844e+02, 2.891499938964844e+02, 2.891499938964844e+02, 2.891499938964844e+02, 2.891499938964844e+02, 2.891499938964844e+02, 2.891499938964844e+02, 2.891499938964844e+02, 2.891499938964844e+02, 2.891499938964844e+02, 2.891499938964844e+02, 2.891499938964844e+02]
TOut.y=[2.841499938964844e+02, 2.841894226074219e+02, 2.843070983886719e+02, 2.845011291503906e+02, 2.847684631347656e+02, 2.851049194335938e+02, 2.855051574707031e+02, 2.85962890625e+02, 2.864708557128906e+02, 2.870211181640625e+02, 2.876049194335938e+02, 2.882131042480469e+02, 2.888360595703125e+02, 2.894639587402344e+02, 2.900869140625e+02, 2.906950988769531e+02, 2.912789001464844e+02, 2.918291320800781e+02, 2.923371276855469e+02, 2.927948303222656e+02, 2.931950988769531e+02, 2.935315246582031e+02, 2.937988891601562e+02, 2.93992919921875e+02, 2.941105651855469e+02, 2.941499938964844e+02, 2.941105651855469e+02, 2.93992919921875e+02, 2.937988891601562e+02, 2.935315246582031e+02, 2.931950988769531e+02, 2.927948303222656e+02, 2.923371276855469e+02, 2.918291320800781e+02, 2.912789001464844e+02, 2.906950988769531e+02, 2.900869140625e+02, 2.894639587402344e+02, 2.888360595703125e+02, 2.882131042480469e+02, 2.876049194335938e+02, 2.870211181640625e+02, 2.864708557128906e+02, 2.85962890625e+02, 2.855051574707031e+02, 2.851049194335938e+02, 2.847684631347656e+02, 2.845011291503906e+02, 2.843070983886719e+02, 2.841894226074219e+02, 2.841499938964844e+02, 2.841894226074219e+02, 2.843070983886719e+02, 2.845011291503906e+02, 2.847684631347656e+02, 2.851049194335938e+02, 2.855051574707031e+02, 2.85962890625e+02, 2.864708557128906e+02, 2.870211181640625e+02, 2.876049194335938e+02, 2.882131042480469e+02, 2.888360595703125e+02, 2.894639587402344e+02, 2.900869140625e+02, 2.906950988769531e+02, 2.912789001464844e+02, 2.918291320800781e+02, 2.923371276855469e+02, 2.927948303222656e+02, 2.931950988769531e+02, 2.935315246582031e+02, 2.937988891601562e+02, 2.93992919921875e+02, 2.941105651855469e+02, 2.941499938964844e+02, 2.941105651855469e+02, 2.93992919921875e+02, 2.937988891601562e+02, 2.935315246582031e+02, 2.931950988769531e+02, 2.927948303222656e+02, 2.923371276855469e+02, 2.918291320800781e+02, 2.912789001464844e+02, 2.906950988769531e+02, 2.900869140625e+02, 2.894639587402344e+02, 2.888360595703125e+02, 2.882131042480469e+02, 2.876049194335938e+02, 2.870211181640625e+02, 2.864708557128906e+02, 2.85962890625e+02, 2.855051574707031e+02, 2.851049194335938e+02, 2.847684631347656e+02, 2.845011291503906e+02, 2.843070983886719e+02, 2.841894226074219e+02, 2.841499938964844e+02]
TVol.T=[2.891499938964844e+02, 2.891552429199219e+02, 2.891502075195312e+02, 2.891507873535156e+02, 2.891510314941406e+02, 2.891512756347656e+02, 2.891514892578125e+02, 2.891516723632812e+02, 2.891518249511719e+02, 2.891519775390625e+02, 2.891520690917969e+02, 2.891521301269531e+02, 2.891522827148438e+02, 2.891814270019531e+02, 2.893777770996094e+02, 2.925576782226562e+02, 2.9315478515625e+02, 2.931509399414062e+02, 2.931517028808594e+02, 2.931515197753906e+02, 2.9315234375e+02, 2.932249450683594e+02, 2.933703002929688e+02, 2.935419006347656e+02, 2.93708251953125e+02, 2.938451538085938e+02, 2.9393798828125e+02, 2.93975341796875e+02, 2.939496154785156e+02, 2.938580322265625e+02, 2.936984558105469e+02, 2.934713134765625e+02, 2.931789855957031e+02, 2.931484069824219e+02, 2.931480712890625e+02, 2.931479187011719e+02, 2.931478576660156e+02, 2.931478271484375e+02, 2.931478271484375e+02, 2.931478576660156e+02, 2.923747253417969e+02, 2.907518615722656e+02, 2.894662170410156e+02, 2.891388549804688e+02, 2.891487731933594e+02, 2.89148681640625e+02, 2.8914892578125e+02, 2.89149169921875e+02, 2.891494445800781e+02, 2.891497192382812e+02, 2.891499938964844e+02, 2.891502685546875e+02, 2.891505432128906e+02, 2.891507873535156e+02, 2.891510314941406e+02, 2.891512756347656e+02, 2.891514892578125e+02, 2.891516723632812e+02, 2.891518249511719e+02, 2.891519775390625e+02, 2.89152099609375e+02, 2.891521301269531e+02, 2.891521911621094e+02, 2.891802062988281e+02, 2.89376953125e+02, 2.925571899414062e+02, 2.931549377441406e+02, 2.9315087890625e+02, 2.931517333984375e+02, 2.931515197753906e+02, 2.931522216796875e+02, 2.93224853515625e+02, 2.933701782226562e+02, 2.935419311523438e+02, 2.937080993652344e+02, 2.938451538085938e+02, 2.939382019042969e+02, 2.939751281738281e+02, 2.939496154785156e+02, 2.938581237792969e+02, 2.936984252929688e+02, 2.934713134765625e+02, 2.93178955078125e+02, 2.931484069824219e+02, 2.931480102539062e+02, 2.931479187011719e+02, 2.931478576660156e+02, 2.931478271484375e+02, 2.931478271484375e+02, 2.931478576660156e+02, 2.923747253417969e+02, 2.907518615722656e+02, 2.894662170410156e+02, 2.891388549804688e+02, 2.891487426757812e+02, 2.89148681640625e+02, 2.8914892578125e+02, 2.89149169921875e+02, 2.891494445800781e+02, 2.891497192382812e+02, 2.891499938964844e+02]
THeaOut.T=[2.891499938964844e+02, 2.905536499023438e+02, 2.904770202636719e+02, 2.904242553710938e+02, 2.903511962890625e+02, 2.902593383789062e+02, 2.901500549316406e+02, 2.900249328613281e+02, 2.898860473632812e+02, 2.89735595703125e+02, 2.895758361816406e+02, 2.894093933105469e+02, 2.89238525390625e+02, 2.891795349121094e+02, 2.893729248046875e+02, 2.9790771484375e+02, 2.938721923828125e+02, 2.935128784179688e+02, 2.933752746582031e+02, 2.932490844726562e+02, 2.931520690917969e+02, 2.932228698730469e+02, 2.933673400878906e+02, 2.935387878417969e+02, 2.937054748535156e+02, 2.938430480957031e+02, 2.939367980957031e+02, 2.939752197265625e+02, 2.939506225585938e+02, 2.938602600097656e+02, 2.937019348144531e+02, 2.934759521484375e+02, 2.931847534179688e+02, 2.935201416015625e+02, 2.936591186523438e+02, 2.938192138671875e+02, 2.9398583984375e+02, 2.941563415527344e+02, 2.943282775878906e+02, 2.944989013671875e+02, 2.924077758789062e+02, 2.907777099609375e+02, 2.894869384765625e+02, 2.900106201171875e+02, 2.901441345214844e+02, 2.902557678222656e+02, 2.903483581542969e+02, 2.904219665527344e+02, 2.904754333496094e+02, 2.905079650878906e+02, 2.905191040039062e+02, 2.905087585449219e+02, 2.904768676757812e+02, 2.904241638183594e+02, 2.903508911132812e+02, 2.902587585449219e+02, 2.901494750976562e+02, 2.900248107910156e+02, 2.898865051269531e+02, 2.897362976074219e+02, 2.89575927734375e+02, 2.894093627929688e+02, 2.892388610839844e+02, 2.891783142089844e+02, 2.893721008300781e+02, 2.979071960449219e+02, 2.938719177246094e+02, 2.935127868652344e+02, 2.933747863769531e+02, 2.932490844726562e+02, 2.93151611328125e+02, 2.932227478027344e+02, 2.933672180175781e+02, 2.93538818359375e+02, 2.93705322265625e+02, 2.93843017578125e+02, 2.939369812011719e+02, 2.939749755859375e+02, 2.939506225585938e+02, 2.938603515625e+02, 2.937018737792969e+02, 2.934759521484375e+02, 2.931847534179688e+02, 2.9352001953125e+02, 2.936592712402344e+02, 2.938193359375e+02, 2.939858093261719e+02, 2.941563415527344e+02, 2.943282775878906e+02, 2.944989013671875e+02, 2.924077758789062e+02, 2.907776794433594e+02, 2.894869384765625e+02, 2.900107116699219e+02, 2.901439819335938e+02, 2.902560729980469e+02, 2.903484191894531e+02, 2.904219360351562e+02, 2.904754333496094e+02, 2.905079956054688e+02, 2.905191650390625e+02]
hea.Q_flow=[0e+00, 2.735563354492188e+02, 2.616159362792969e+02, 2.509323577880859e+02, 2.364124603271484e+02, 2.181867218017578e+02, 1.965275115966797e+02, 1.717605743408203e+02, 1.442962036132812e+02, 1.145558547973633e+02, 8.299765014648438e+01, 5.01374626159668e+01, 1.633399772644043e+01, 0e+00, 0e+00, 1.08e+03, 1.365982360839844e+02, 7.114169311523432e+01, 4.360766983032227e+01, 1.88272762298584e+01, 0e+00, 0e+00, 0e+00, 0e+00, 0e+00, 0e+00, 0e+00, 0e+00, 0e+00, 0e+00, 0e+00, 0e+00, 0e+00, 7.357036590576172e+01, 1.0134529876709e+02, 1.329784393310545e+02, 1.658660278320312e+02, 1.995144958496094e+02, 2.334259490966797e+02, 2.670628051757812e+02, 0e+00, 0e+00, 0e+00, 1.752371673583984e+02, 1.966907806396484e+02, 2.187144775390625e+02, 2.368558044433594e+02, 2.512488708496094e+02, 2.61671630859375e+02, 2.679632568359375e+02, 2.700284729003906e+02, 2.67857177734375e+02, 2.614403076171875e+02, 2.509188995361328e+02, 2.363503112792969e+02, 2.180686950683592e+02, 1.964181976318357e+02, 1.717430267333987e+02, 1.443873596191406e+02, 1.146953811645508e+02, 8.301127624511719e+01, 5.013591003417969e+01, 1.648508453369141e+01, 0e+00, 0e+00, 1.08e+03, 1.364809722900391e+02, 7.115963745117188e+01, 4.35120162963865e+01, 1.882609748840352e+01, 6.039613253960852e-14, 0e+00, 0e+00, 0e+00, 0e+00, 0e+00, 0e+00, 0e+00, 0e+00, 0e+00, 0e+00, 0e+00, 0e+00, 7.354649353027344e+01, 1.013963928222656e+02, 1.330009155273438e+02, 1.658598937988281e+02, 1.995157623291016e+02, 2.334254455566406e+02, 2.670630187988281e+02, 0e+00, 0e+00, 0e+00, 1.752595977783203e+02, 1.966740417480469e+02, 2.187711639404297e+02, 2.368634338378906e+02, 2.512461242675781e+02, 2.616715087890625e+02, 2.679674682617188e+02, 2.700380859375e+02]
