last-generated=2020-08-19
statistics-simulation=
{
  "linear": "0",
  "nonlinear": " ",
  "number of continuous time states": "6",
  "numerical Jacobians": "0"
}
time=[0e+00, 1.728e+05]
TSet.y=[2.891499938964844e+02, 2.891499938964844e+02, 2.891499938964844e+02, 2.891499938964844e+02, 2.891499938964844e+02, 2.891499938964844e+02, 2.891499938964844e+02, 2.891499938964844e+02, 2.891499938964844e+02, 2.891499938964844e+02, 2.891499938964844e+02, 2.891499938964844e+02, 2.891499938964844e+02, 2.891499938964844e+02, 2.891499938964844e+02, 2.931499938964844e+02, 2.931499938964844e+02, 2.931499938964844e+02, 2.931499938964844e+02, 2.931499938964844e+02, 2.931499938964844e+02, 2.931499938964844e+02, 2.931499938964844e+02, 2.931499938964844e+02, 2.931499938964844e+02, 2.931499938964844e+02, 2.931499938964844e+02, 2.931499938964844e+02, 2.931499938964844e+02, 2.931499938964844e+02, 2.931499938964844e+02, 2.931499938964844e+02, 2.931499938964844e+02, 2.931499938964844e+02, 2.931499938964844e+02, 2.931499938964844e+02, 2.931499938964844e+02, 2.931499938964844e+02, 2.931499938964844e+02, 2.931499938964844e+02, 2.891499938964844e+02, 2.891499938964844e+02, 2.891499938964844e+02, 2.891499938964844e+02, 2.891499938964844e+02, 2.891499938964844e+02, 2.891499938964844e+02, 2.891499938964844e+02, 2.891499938964844e+02, 2.891499938964844e+02, 2.891499938964844e+02, 2.891499938964844e+02, 2.891499938964844e+02, 2.891499938964844e+02, 2.891499938964844e+02, 2.891499938964844e+02, 2.891499938964844e+02, 2.891499938964844e+02, 2.891499938964844e+02, 2.891499938964844e+02, 2.891499938964844e+02, 2.891499938964844e+02, 2.891499938964844e+02, 2.891499938964844e+02, 2.891499938964844e+02, 2.931499938964844e+02, 2.931499938964844e+02, 2.931499938964844e+02, 2.931499938964844e+02, 2.931499938964844e+02, 2.931499938964844e+02, 2.931499938964844e+02, 2.931499938964844e+02, 2.931499938964844e+02, 2.931499938964844e+02, 2.931499938964844e+02, 2.931499938964844e+02, 2.931499938964844e+02, 2.931499938964844e+02, 2.931499938964844e+02, 2.931499938964844e+02, 2.931499938964844e+02, 2.931499938964844e+02, 2.931499938964844e+02, 2.931499938964844e+02, 2.931499938964844e+02, 2.931499938964844e+02, 2.931499938964844e+02, 2.931499938964844e+02, 2.931499938964844e+02, 2.891499938964844e+02, 2.891499938964844e+02, 2.891499938964844e+02, 2.891499938964844e+02, 2.891499938964844e+02, 2.891499938964844e+02, 2.891499938964844e+02, 2.891499938964844e+02, 2.891499938964844e+02, 2.891499938964844e+02, 2.891499938964844e+02]
TOut.y=[2.901499938964844e+02, 2.901894226074219e+02, 2.903070983886719e+02, 2.905011291503906e+02, 2.907684631347656e+02, 2.911049194335938e+02, 2.915051574707031e+02, 2.91962890625e+02, 2.924708557128906e+02, 2.930211181640625e+02, 2.936049194335938e+02, 2.942131042480469e+02, 2.948360595703125e+02, 2.954639587402344e+02, 2.960869140625e+02, 2.966950988769531e+02, 2.972789001464844e+02, 2.978291320800781e+02, 2.983371276855469e+02, 2.987948303222656e+02, 2.991950988769531e+02, 2.995315246582031e+02, 2.997988891601562e+02, 2.99992919921875e+02, 3.001105651855469e+02, 3.001499938964844e+02, 3.001105651855469e+02, 2.99992919921875e+02, 2.997988891601562e+02, 2.995315246582031e+02, 2.991950988769531e+02, 2.987948303222656e+02, 2.983371276855469e+02, 2.978291320800781e+02, 2.972789001464844e+02, 2.966950988769531e+02, 2.960869140625e+02, 2.954639587402344e+02, 2.948360595703125e+02, 2.942131042480469e+02, 2.936049194335938e+02, 2.930211181640625e+02, 2.924708557128906e+02, 2.91962890625e+02, 2.915051574707031e+02, 2.911049194335938e+02, 2.907684631347656e+02, 2.905011291503906e+02, 2.903070983886719e+02, 2.901894226074219e+02, 2.901499938964844e+02, 2.901894226074219e+02, 2.903070983886719e+02, 2.905011291503906e+02, 2.907684631347656e+02, 2.911049194335938e+02, 2.915051574707031e+02, 2.91962890625e+02, 2.924708557128906e+02, 2.930211181640625e+02, 2.936049194335938e+02, 2.942131042480469e+02, 2.948360595703125e+02, 2.954639587402344e+02, 2.960869140625e+02, 2.966950988769531e+02, 2.972789001464844e+02, 2.978291320800781e+02, 2.983371276855469e+02, 2.987948303222656e+02, 2.991950988769531e+02, 2.995315246582031e+02, 2.997988891601562e+02, 2.99992919921875e+02, 3.001105651855469e+02, 3.001499938964844e+02, 3.001105651855469e+02, 2.99992919921875e+02, 2.997988891601562e+02, 2.995315246582031e+02, 2.991950988769531e+02, 2.987948303222656e+02, 2.983371276855469e+02, 2.978291320800781e+02, 2.972789001464844e+02, 2.966950988769531e+02, 2.960869140625e+02, 2.954639587402344e+02, 2.948360595703125e+02, 2.942131042480469e+02, 2.936049194335938e+02, 2.930211181640625e+02, 2.924708557128906e+02, 2.91962890625e+02, 2.915051574707031e+02, 2.911049194335938e+02, 2.907684631347656e+02, 2.905011291503906e+02, 2.903070983886719e+02, 2.901894226074219e+02, 2.901499938964844e+02]
TVol.T=[2.891499938964844e+02, 2.890717163085938e+02, 2.891900024414062e+02, 2.891500854492188e+02, 2.891499938964844e+02, 2.891499938964844e+02, 2.891499938964844e+02, 2.891499938964844e+02, 2.891499938964844e+02, 2.891499938964844e+02, 2.891499938964844e+02, 2.891499938964844e+02, 2.891499938964844e+02, 2.891499938964844e+02, 2.891499938964844e+02, 2.894725952148438e+02, 2.902335815429688e+02, 2.909750061035156e+02, 2.916949768066406e+02, 2.923909606933594e+02, 2.930599365234375e+02, 2.931500244140625e+02, 2.931499938964844e+02, 2.931499938964844e+02, 2.931499938964844e+02, 2.931499938964844e+02, 2.931499938964844e+02, 2.931499938964844e+02, 2.931499938964844e+02, 2.931499938964844e+02, 2.931499938964844e+02, 2.931499938964844e+02, 2.931499938964844e+02, 2.931499938964844e+02, 2.931499938964844e+02, 2.931499938964844e+02, 2.931499938964844e+02, 2.931499938964844e+02, 2.931499938964844e+02, 2.931499938964844e+02, 2.923056335449219e+02, 2.903830261230469e+02, 2.890552978515625e+02, 2.891507568359375e+02, 2.891499938964844e+02, 2.891499938964844e+02, 2.891499938964844e+02, 2.891499938964844e+02, 2.891499938964844e+02, 2.891499938964844e+02, 2.891499938964844e+02, 2.891499938964844e+02, 2.891499938964844e+02, 2.891499938964844e+02, 2.891499938964844e+02, 2.891499938964844e+02, 2.891499938964844e+02, 2.891499938964844e+02, 2.891499938964844e+02, 2.891499938964844e+02, 2.891499938964844e+02, 2.891499938964844e+02, 2.891499938964844e+02, 2.891499938964844e+02, 2.891499938964844e+02, 2.894725952148438e+02, 2.902335815429688e+02, 2.909750061035156e+02, 2.916949768066406e+02, 2.923909606933594e+02, 2.930599365234375e+02, 2.931500244140625e+02, 2.931499938964844e+02, 2.931499938964844e+02, 2.931499938964844e+02, 2.931499938964844e+02, 2.931499938964844e+02, 2.931499938964844e+02, 2.931499938964844e+02, 2.931499938964844e+02, 2.931499938964844e+02, 2.931499938964844e+02, 2.931499938964844e+02, 2.931499938964844e+02, 2.931499938964844e+02, 2.931499938964844e+02, 2.931499938964844e+02, 2.931499938964844e+02, 2.931499938964844e+02, 2.931499938964844e+02, 2.923056335449219e+02, 2.903830261230469e+02, 2.890552673339844e+02, 2.891507873535156e+02, 2.891499938964844e+02, 2.891499938964844e+02, 2.891499938964844e+02, 2.891499938964844e+02, 2.891499938964844e+02, 2.891499938964844e+02, 2.891499938964844e+02]
THeaOut.T=[2.891499938964844e+02, 2.890716247558594e+02, 2.891899108886719e+02, 2.891495056152344e+02, 2.891492919921875e+02, 2.891491394042969e+02, 2.891489562988281e+02, 2.891487426757812e+02, 2.891485290527344e+02, 2.891482849121094e+02, 2.891480407714844e+02, 2.891477661132812e+02, 2.891474914550781e+02, 2.89147216796875e+02, 2.891469421386719e+02, 2.894721374511719e+02, 2.90233154296875e+02, 2.909745788574219e+02, 2.916945495605469e+02, 2.923905639648438e+02, 2.930595703125e+02, 2.931471862792969e+02, 2.931470642089844e+02, 2.9314697265625e+02, 2.931469116210938e+02, 2.931469116210938e+02, 2.931469116210938e+02, 2.9314697265625e+02, 2.931470642089844e+02, 2.931471862792969e+02, 2.931473388671875e+02, 2.931474914550781e+02, 2.93147705078125e+02, 2.931479187011719e+02, 2.931481628417969e+02, 2.931484375e+02, 2.931487121582031e+02, 2.931489868164062e+02, 2.931492614746094e+02, 2.931495361328125e+02, 2.922979125976562e+02, 2.90375244140625e+02, 2.890551147460938e+02, 2.891494750976562e+02, 2.891489562988281e+02, 2.891491394042969e+02, 2.891492919921875e+02, 2.891494140625e+02, 2.891494750976562e+02, 2.891495361328125e+02, 2.891495666503906e+02, 2.891495361328125e+02, 2.891494750976562e+02, 2.891494140625e+02, 2.891492919921875e+02, 2.891491394042969e+02, 2.891489562988281e+02, 2.891487426757812e+02, 2.891485290527344e+02, 2.891482849121094e+02, 2.891480407714844e+02, 2.891477661132812e+02, 2.891474914550781e+02, 2.89147216796875e+02, 2.891469421386719e+02, 2.894721374511719e+02, 2.90233154296875e+02, 2.909745788574219e+02, 2.916945495605469e+02, 2.923905639648438e+02, 2.930595703125e+02, 2.931471862792969e+02, 2.931470642089844e+02, 2.9314697265625e+02, 2.931469116210938e+02, 2.931469116210938e+02, 2.931469116210938e+02, 2.9314697265625e+02, 2.931470642089844e+02, 2.931471862792969e+02, 2.931473083496094e+02, 2.931474914550781e+02, 2.93147705078125e+02, 2.931479187011719e+02, 2.931481628417969e+02, 2.931484375e+02, 2.931487121582031e+02, 2.931489868164062e+02, 2.931492614746094e+02, 2.931495361328125e+02, 2.922979125976562e+02, 2.90375244140625e+02, 2.890550537109375e+02, 2.891494750976562e+02, 2.891489562988281e+02, 2.891491394042969e+02, 2.891492919921875e+02, 2.891494140625e+02, 2.891494750976562e+02, 2.891495361328125e+02, 2.891495666503906e+02]
coo.TSet=[2.831499938964844e+02, 3.031499938964844e+02, 3.003918762207031e+02, 2.891494750976562e+02, 2.891492919921875e+02, 2.891491394042969e+02, 2.891489562988281e+02, 2.891487426757812e+02, 2.891485290527344e+02, 2.891482849121094e+02, 2.891480407714844e+02, 2.891477661132812e+02, 2.891474914550781e+02, 2.89147216796875e+02, 2.891469421386719e+02, 3.031499938964844e+02, 3.031499938964844e+02, 3.031499938964844e+02, 3.031499938964844e+02, 3.031499938964844e+02, 3.031499938964844e+02, 2.931471862792969e+02, 2.931470642089844e+02, 2.9314697265625e+02, 2.931469116210938e+02, 2.931469116210938e+02, 2.931469116210938e+02, 2.9314697265625e+02, 2.931470642089844e+02, 2.931471862792969e+02, 2.931473388671875e+02, 2.931474914550781e+02, 2.93147705078125e+02, 2.931479187011719e+02, 2.931481628417969e+02, 2.931484375e+02, 2.931487121582031e+02, 2.931489868164062e+02, 2.931492614746094e+02, 2.931495361328125e+02, 2.831499938964844e+02, 2.831499938964844e+02, 2.962604675292969e+02, 2.891494140625e+02, 2.891489562988281e+02, 2.891491394042969e+02, 2.891492919921875e+02, 2.891494140625e+02, 2.891494750976562e+02, 2.891495361328125e+02, 2.891495666503906e+02, 2.891495361328125e+02, 2.891494750976562e+02, 2.891494140625e+02, 2.891492919921875e+02, 2.891491394042969e+02, 2.891489562988281e+02, 2.891487426757812e+02, 2.891485290527344e+02, 2.891482849121094e+02, 2.891480407714844e+02, 2.891477661132812e+02, 2.891474914550781e+02, 2.89147216796875e+02, 2.891469421386719e+02, 3.031499938964844e+02, 3.031499938964844e+02, 3.031499938964844e+02, 3.031499938964844e+02, 3.031499938964844e+02, 3.031499938964844e+02, 2.931471862792969e+02, 2.931470642089844e+02, 2.9314697265625e+02, 2.931469116210938e+02, 2.931469116210938e+02, 2.931469116210938e+02, 2.9314697265625e+02, 2.931470642089844e+02, 2.931471862792969e+02, 2.931473388671875e+02, 2.931474914550781e+02, 2.93147705078125e+02, 2.931479187011719e+02, 2.931481628417969e+02, 2.931484375e+02, 2.931487121582031e+02, 2.931489868164062e+02, 2.931492614746094e+02, 2.931495361328125e+02, 2.831499938964844e+02, 2.831499938964844e+02, 2.962640991210938e+02, 2.891494140625e+02, 2.891489562988281e+02, 2.891491394042969e+02, 2.891492919921875e+02, 2.891494140625e+02, 2.891494750976562e+02, 2.891495361328125e+02, 2.891495666503906e+02]
coo.Q_flow=[-0e+00, -1.129679977893829e-01, -1.129679977893829e-01, -6.816672515869141e+01, -8.092331695556641e+01, -9.774559020996094e+01, -1.177581329345703e+02, -1.406436614990235e+02, -1.660456695556641e+02, -1.935592193603516e+02, -2.227424011230469e+02, -2.531533203125e+02, -2.843023071289062e+02, -3.156974792480469e+02, -3.468456726074219e+02, -1.129679977893829e-01, -1.129679977893829e-01, -1.129679977893829e-01, -1.129679977893829e-01, -1.129679977893829e-01, -1.129679977893829e-01, -3.192250061035156e+02, -3.324441528320312e+02, -3.421459350585938e+02, -3.48028564453125e+02, -3.500021057128906e+02, -3.480216674804688e+02, -3.421395263671875e+02, -3.324546813964843e+02, -3.190894775390625e+02, -3.022583312988281e+02, -2.821848754882812e+02, -2.592622985839844e+02, -2.338837738037109e+02, -2.064425506591796e+02, -1.773318328857423e+02, -1.469448089599609e+02, -1.156976623535156e+02, -8.430255889892578e+01, -5.315451431274414e+01, -9.998870239257812e+02, -9.998870239257812e+02, -1.129679977893829e-01, -1.455865631103516e+02, -1.177580184936523e+02, -9.77457275390625e+01, -8.0923828125e+01, -6.755548095703125e+01, -5.785785293579102e+01, -5.198072052001953e+01, -4.999393463134766e+01, -5.19654541015625e+01, -5.783041000366211e+01, -6.760791015625e+01, -8.104617309570312e+01, -9.786920928955094e+01, -1.178010330200197e+02, -1.405656585693357e+02, -1.658871002197266e+02, -1.934893646240234e+02, -2.229104766845703e+02, -2.533040924072266e+02, -2.842380676269531e+02, -3.15306396484375e+02, -3.461031799316406e+02, -1.129679977893829e-01, -1.129679977893829e-01, -1.129679977893829e-01, -1.129679977893829e-01, -1.129679977893829e-01, -1.129679977893829e-01, -3.19222412109375e+02, -3.324442138671875e+02, -3.421459350585938e+02, -3.480278930664062e+02, -3.500010070800781e+02, -3.480265808105469e+02, -3.421320495605469e+02, -3.324436645507812e+02, -3.190938415527344e+02, -3.02279052734375e+02, -2.822398986816406e+02, -2.592870788574219e+02, -2.338488616943359e+02, -2.063535919189453e+02, -1.772295684814453e+02, -1.469050903320312e+02, -1.158084716796875e+02, -8.436801147460938e+01, -5.315471649169922e+01, -9.998870239257812e+02, -9.998870239257812e+02, -1.129679977893829e-01, -1.456081848144531e+02, -1.177579879760742e+02, -9.774571228027344e+01, -8.092389678955078e+01, -6.755522918701172e+01, -5.785591125488281e+01, -5.197119140625e+01, -4.999994277954102e+01]
