last-generated=2020-08-27
statistics-initialization=
{
  "linear": "0, 0, 0, 0, 0, 0",
  "nonlinear": "2",
  "numerical Jacobians": "0"
}
statistics-simulation=
{
  "linear": " ",
  "nonlinear": " ",
  "number of continuous time states": "12",
  "numerical Jacobians": "0"
}
time=[0e+00, 1.4e+03]
senTem1.T=[2.931499938964844e+02, 3.011959709079786e+02, 3.031499938964844e+02, 3.031593564789871e+02, 3.031750947798806e+02, 3.031939469260731e+02, 3.032134430983971e+02, 3.032330550270519e+02, 3.032526851960982e+02, 3.032723115066002e+02, 3.032919536020564e+02, 3.033115725462464e+02, 3.033312114847117e+02, 3.033508409522046e+02, 3.033704598963946e+02, 3.03390076735924e+02, 3.034096711257408e+02, 3.034292862113865e+02, 3.034488904229526e+02, 3.034684848127694e+02, 3.034880792025862e+02, 3.03507673592403e+02, 3.035272465848375e+02, 3.035468318544585e+02, 3.035664167733028e+02, 3.035859866087464e+02, 3.0360555644419e+02, 3.036247969002559e+02, 3.036333144615436e+02, 3.036368408203125e+02]
senTem2.T=[2.931499938964844e+02, 3.011959709079786e+02, 3.031499938964844e+02, 3.03011737691945e+02, 3.027792761791712e+02, 3.025006387644801e+02, 3.022121739880792e+02, 3.019224358920393e+02, 3.016322705499057e+02, 3.013420452249461e+02, 3.010518398942618e+02, 3.007616808661099e+02, 3.00471581820784e+02, 3.001815385489628e+02, 2.998915510506466e+02, 2.996016193258351e+02, 2.993117549501616e+02, 2.990219526619747e+02, 2.987322208799165e+02, 2.984425459236934e+02, 2.98152910956021e+02, 2.97863341232826e+02, 2.97573835701778e+02, 2.972843705100574e+02, 2.969949614426185e+02, 2.967056232320851e+02, 2.964163481613685e+02, 2.961318590887662e+02, 2.960061771787446e+02, 2.959541625976562e+02]
senTem.T=[2.931499938964844e+02, 3.011959709079786e+02, 3.031499938964844e+02, 3.031590681404903e+02, 3.031743311388739e+02, 3.031926192360363e+02, 3.032115752121498e+02, 3.032305890664287e+02, 3.032496320351787e+02, 3.03268686228785e+02, 3.032877404223913e+02, 3.033067946159977e+02, 3.03325848809604e+02, 3.033448889721399e+02, 3.03363918611373e+02, 3.033829482506061e+02, 3.034019778898393e+02, 3.034210075290724e+02, 3.034400224356816e+02, 3.034590362899605e+02, 3.034780631229795e+02, 3.034970682078394e+02, 3.035160732926993e+02, 3.035350783775593e+02, 3.035540834624192e+02, 3.035730850395115e+02, 3.035920655699982e+02, 3.0361072724441e+02, 3.036189803200206e+02, 3.036224060058594e+02]
senRelHum1.phi=[5e-01, 4.347944472027921e-01, 4.189588129520416e-01, 4.211228140469255e-01, 4.247574453381286e-01, 4.291068229867124e-01, 4.335969881764773e-01, 4.380970634948248e-01, 4.425942702540036e-01, 4.470827928904829e-01, 4.515612159652271e-01, 4.560267068873877e-01, 4.604809315040194e-01, 4.649246804330541e-01, 4.693579773108165e-01, 4.737808550226277e-01, 4.781911705417194e-01, 4.825899255001682e-01, 4.86978338710193e-01, 4.91356421476123e-01, 4.95724184759732e-01, 5.00079948326637e-01, 5.044238848247747e-01, 5.087576056348867e-01, 5.130811230889682e-01, 5.173944440381281e-01, 5.216962551248485e-01, 5.259175814431289e-01, 5.277790756061159e-01, 5.285491943359375e-01]
senRelHum2.phi=[5e-01, 4.347944472027921e-01, 4.189588129520416e-01, 4.247383321153707e-01, 4.345644637085925e-01, 4.46564579147032e-01, 4.59355681106962e-01, 4.725207302762174e-01, 4.860186754972085e-01, 4.998397662721831e-01, 5.139863086842943e-01, 5.285480591072433e-01, 5.434813828303896e-01, 5.587675763272691e-01, 5.744134790595921e-01, 5.904261901460846e-01, 6.068941656200365e-01, 6.237969151858626e-01, 6.410986842780277e-01, 6.588080772038164e-01, 6.769340963199222e-01, 6.955596434658972e-01, 7.146924590242321e-01, 7.342790988669998e-01, 7.543280844030709e-01, 7.748482097154376e-01, 7.959171088262537e-01, 8.171437382698059e-01, 8.267029407380642e-01, 8.306820392608643e-01]
senRelHum.phi=[5e-01, 4.347944472027921e-01, 4.189588129520416e-01, 4.211295267631268e-01, 4.247755785098021e-01, 4.291388645939443e-01, 4.336437767949597e-01, 4.381589382544331e-01, 4.426715189012988e-01, 4.471756949506957e-01, 4.516700619253619e-01, 4.561518584859782e-01, 4.606226621002987e-01, 4.650832442031509e-01, 4.695336363096347e-01, 4.73973881581734e-01, 4.784018935143263e-01, 4.828186480478309e-01, 4.872253043898221e-01, 4.916218920000668e-01, 4.960084423936647e-01, 5.003832691702349e-01, 5.047465823162561e-01, 5.090999370333792e-01, 5.134433425706009e-01, 5.177768057790296e-01, 5.220990468715799e-01, 5.263407333143826e-01, 5.282112819024887e-01, 5.289852023124695e-01]
senRelHum1.port_b.Xi_outflow[1]=[9.999999776482582e-03, 9.999999776482582e-03, 9.999999776482582e-03, 1.005900622313393e-02, 1.015629458787112e-02, 1.027220472607804e-02, 1.039208863572828e-02, 1.05125130336175e-02, 1.063313690581541e-02, 1.075380979555434e-02, 1.087449500658389e-02, 1.099518445673688e-02, 1.111587390688987e-02, 1.123656335704286e-02, 1.135725305340756e-02, 1.147794318867141e-02, 1.15986326388244e-02, 1.171932208897739e-02, 1.184001153913038e-02, 1.196070125690479e-02, 1.208139137075893e-02, 1.220208082091192e-02, 1.232277027106491e-02, 1.244346019223161e-02, 1.256415010269346e-02, 1.268483955284645e-02, 1.280552900299944e-02, 1.29240593905079e-02, 1.297498331672844e-02, 1.299603749066591e-02]
senRelHum2.port_b.Xi_outflow[1]=[9.999999776482582e-03, 9.999999776482582e-03, 9.999999776482582e-03, 1.005900622313393e-02, 1.015629458787112e-02, 1.027220472607804e-02, 1.039208863572828e-02, 1.05125130336175e-02, 1.063313690581541e-02, 1.075380979555434e-02, 1.087449500658389e-02, 1.099518445673688e-02, 1.111587390688987e-02, 1.123656335704286e-02, 1.135725305340756e-02, 1.147794318867141e-02, 1.15986326388244e-02, 1.171932208897739e-02, 1.184001153913038e-02, 1.196070125690479e-02, 1.208139137075893e-02, 1.220208082091192e-02, 1.232277027106491e-02, 1.244346019223161e-02, 1.256415010269346e-02, 1.268483955284645e-02, 1.280552900299944e-02, 1.29240593905079e-02, 1.297498331672844e-02, 1.299603749066591e-02]
senRelHum.port_b.Xi_outflow[1]=[9.999999776482582e-03, 9.999999776482582e-03, 9.999999776482582e-03, 1.005900622313393e-02, 1.015629458787112e-02, 1.027220472607804e-02, 1.039208863572828e-02, 1.05125130336175e-02, 1.063313690581541e-02, 1.075380979555434e-02, 1.087449500658389e-02, 1.099518445673688e-02, 1.111587390688987e-02, 1.123656335704286e-02, 1.135725305340756e-02, 1.147794318867141e-02, 1.15986326388244e-02, 1.171932208897739e-02, 1.184001153913038e-02, 1.196070125690479e-02, 1.208139137075893e-02, 1.220208082091192e-02, 1.232277027106491e-02, 1.244346019223161e-02, 1.256415010269346e-02, 1.268483955284645e-02, 1.280552900299944e-02, 1.29240593905079e-02, 1.297498331672844e-02, 1.299603749066591e-02]
