last-generated=2021-04-28
statistics-simulation=
{
  "linear": " ",
  "nonlinear": "1",
  "numerical Jacobians": "0"
}
time=[0e+00, 8.64e+06]
briCoe.F1=[0e+00, 0e+00, 0e+00, 0e+00, 0e+00, 0e+00, 0e+00, 0e+00, 0e+00, 0e+00, 0e+00, 0e+00, 0e+00, 0e+00, 0e+00, 0e+00, 0e+00, 0e+00, 0e+00, 0e+00, 0e+00, 0e+00, 0e+00, 0e+00, 0e+00, 0e+00, 0e+00, 0e+00, 0e+00, 0e+00, 0e+00, 0e+00, 0e+00, 0e+00, 0e+00, 0e+00, 0e+00, 0e+00, 0e+00, 0e+00, 0e+00, 0e+00, 0e+00, 0e+00, 0e+00, 0e+00, 0e+00, 0e+00, 0e+00, 0e+00, 0e+00, 0e+00, 0e+00, 0e+00, 0e+00, 0e+00, 0e+00, 0e+00, 0e+00, 0e+00, 0e+00, 0e+00, 0e+00, 0e+00, 0e+00, 0e+00, 0e+00, 0e+00, 0e+00, 0e+00, 0e+00, 0e+00, 0e+00, 0e+00, 0e+00, 0e+00, 0e+00, 0e+00, 0e+00, 0e+00, 0e+00, 0e+00, 0e+00, 0e+00, 0e+00, 0e+00, 0e+00, 0e+00, 0e+00, 0e+00, 0e+00, 0e+00, 0e+00, 0e+00, 0e+00, 0e+00, 0e+00, 0e+00, 0e+00, 0e+00, 0e+00]
briCoe.F2=[-1.233248189091682e-01, -1.232884228229523e-01, -1.232492327690125e-01, -1.23207300901413e-01, -1.231626644730568e-01, -1.231153532862663e-01, -1.230654269456863e-01, -1.230129078030586e-01, -1.22957855463028e-01, -1.229003071784973e-01, -1.228403002023697e-01, -1.227778792381287e-01, -1.227130889892578e-01, -1.226459741592407e-01, -1.22576579451561e-01, -1.225049421191216e-01, -1.224310994148254e-01, -1.223551034927368e-01, -1.222769916057587e-01, -1.221967935562134e-01, -1.221145689487457e-01, -1.220303401350975e-01, -1.219441518187523e-01, -1.218560412526131e-01, -1.217660456895828e-01, -1.216741949319839e-01, -1.215805411338806e-01, -1.214851066470146e-01, -1.213879361748695e-01, -1.212890520691872e-01, -1.211884915828705e-01, -1.210862919688225e-01, -1.209824830293655e-01, -1.208771020174026e-01, -1.207701712846756e-01, -1.206617280840874e-01, -1.205517947673798e-01, -1.204404160380363e-01, -1.203276142477989e-01, -1.202134191989899e-01, -1.20097853243351e-01, -1.199809536337852e-01, -1.198627501726151e-01, -1.197432652115822e-01, -1.19622528553009e-01, -1.19500569999218e-01, -1.193774193525314e-01, -1.192530989646912e-01, -1.19127631187439e-01, -1.190010607242584e-01, -1.188733950257301e-01, -1.187446787953377e-01, -1.186149343848228e-01, -1.184841766953468e-01, -1.183524504303932e-01, -1.182197704911232e-01, -1.180861741304398e-01, -1.179516837000847e-01, -1.178163215517998e-01, -1.17680124938488e-01, -1.175431236624718e-01, -1.174053326249123e-01, -1.172667965292931e-01, -1.17127537727356e-01, -1.169875785708427e-01, -1.168469563126564e-01, -1.167056933045387e-01, -1.165638267993927e-01, -1.164213865995407e-01, -1.162784025073051e-01, -1.161348968744278e-01, -1.159909144043922e-01, -1.158464774489403e-01, -1.157016232609749e-01, -1.155563816428185e-01, -1.154107823967934e-01, -1.152648702263832e-01, -1.151186600327492e-01, -1.149721965193748e-01, -1.148255169391632e-01, -1.146786510944366e-01, -1.145316287875175e-01, -1.143844947218895e-01, -1.142372786998749e-01, -1.140900179743767e-01, -1.139427572488785e-01, -1.137955188751221e-01, -1.13648347556591e-01, -1.135012805461884e-01, -1.13354355096817e-01, -1.1320760846138e-01, -1.130610778927803e-01, -1.129148080945015e-01, -1.127688363194466e-01, -1.126231923699379e-01, -1.124779209494591e-01, -1.123330667614937e-01, -1.121886670589447e-01, -1.120447590947151e-01, -1.119013875722885e-01, -1.117585897445679e-01]
