last-generated=2021-07-14
statistics-simulation=
{
  "linear": " ",
  "nonlinear": " ",
  "number of continuous time states": "6",
  "numerical Jacobians": "0"
}
time=[0e+00, 1e+00]
limPID.u_s=[1e+00, 1e+00, 1e+00, 1e+00, 1e+00, 1e+00, 1e+00, 1e+00, 1e+00, 1e+00, 1e+00, 1e+00, 1e+00, 0e+00, 0e+00, 0e+00, 0e+00, 0e+00, 0e+00, 0e+00, 0e+00, 0e+00, 0e+00, 0e+00, 0e+00, 0e+00, 1e+00, 1e+00, 1e+00, 1e+00, 1e+00, 1e+00, 1e+00, 1e+00, 1e+00, 1e+00, 1e+00, 1e+00, 0e+00, 0e+00, 0e+00, 0e+00, 0e+00, 0e+00, 0e+00, 0e+00, 0e+00, 0e+00, 0e+00, 0e+00, 0e+00, 1e+00, 1e+00, 1e+00, 1e+00, 1e+00, 1e+00, 1e+00, 1e+00, 1e+00, 1e+00, 1e+00, 1e+00, 0e+00, 0e+00, 0e+00, 0e+00, 0e+00, 0e+00, 0e+00, 0e+00, 0e+00, 0e+00, 0e+00, 0e+00, 0e+00, 1e+00, 1e+00, 1e+00, 1e+00, 1e+00, 1e+00, 1e+00, 1e+00, 1e+00, 1e+00, 1e+00, 1e+00, 0e+00, 0e+00, 0e+00, 0e+00, 0e+00, 0e+00, 0e+00, 0e+00, 0e+00, 0e+00, 0e+00, 0e+00, 0e+00]
limPID.u_m=[5e-01, 5e-01]
limPID.y=[-1e+00, -1e+00, -1e+00, -1e+00, -1e+00, -1e+00, -1e+00, -1e+00, -1e+00, -1e+00, -1e+00, -9.399403828512433e-01, -7.765575830069643e-01, -1e+00, -1e+00, -1e+00, -1e+00, -1e+00, -1e+00, -1e+00, -9.589683602262625e-01, -8.995738856921485e-01, -8.463115036674274e-01, -7.985949706689301e-01, -7.558907056351999e-01, -7.177272439002991e-01, 3.263182740587968e-01, 3.666753350940896e-01, 4.036476271512813e-01, 4.375736684396068e-01, 4.687547920395349e-01, 4.97445010482891e-01, 5.23876625426232e-01, 5.482656645972728e-01, 5.708092372959842e-01, 5.916809558486492e-01, 6.11038777170646e-01, 6.290311133982867e-01, -3.592214257350067e-01, -3.535659539221005e-01, -3.489182616825934e-01, -3.451846528440529e-01, -3.42285898117001e-01, -3.401451720143926e-01, -3.386899528321128e-01, -3.378514939584688e-01, -3.37568879188307e-01, -3.377886117100991e-01, -3.384630988081854e-01, -3.395507323816697e-01, -3.410095572471619e-01, 6.671851949876511e-01, 6.75089731684102e-01, 6.827266430127925e-01, 6.901137076300279e-01, 6.972726499115972e-01, 7.042241676145624e-01, 7.109900760584555e-01, 7.175825346679698e-01, 7.240216302604544e-01, 7.303213328186152e-01, 7.364970953998472e-01, 7.42555436603786e-01, -2.56494047217141e-01, -2.606293618882614e-01, -2.648395699348771e-01, -2.691219634022128e-01, -2.734593676231139e-01, -2.778606979177635e-01, -2.823259841199568e-01, -2.868422324022226e-01, -2.91407147955564e-01, -2.960135506422966e-01, -3.006575316752927e-01, -3.053366199111356e-01, -3.100458979606628e-01, 6.952063491241069e-01, 7.004393438728036e-01, 7.056521326102579e-01, 7.108461745540958e-01, 7.160225448976454e-01, 7.211838352307167e-01, 7.263309396299124e-01, 7.314625467911613e-01, 7.365825310366606e-01, 7.416919944173017e-01, 7.467892693153811e-01, 7.51877663094531e-01, -2.480444335605682e-01, -2.529766928218122e-01, -2.579138694776186e-01, -2.628566195026558e-01, -2.678041375533886e-01, -2.727561259600111e-01, -2.777128827475944e-01, -2.826739608792075e-01, -2.876378702388366e-01, -2.926055348801943e-01, -2.97577014021148e-01, -3.025502515085016e-01, -3.075263202190399e-01]
limPIDRev.y=[1e+00, 1e+00, 1e+00, 1e+00, 1e+00, 1e+00, 1e+00, 1e+00, 1e+00, 1e+00, 1e+00, 9.399403828512433e-01, 7.765575830069643e-01, 1e+00, 1e+00, 1e+00, 1e+00, 1e+00, 1e+00, 1e+00, 9.589683602262625e-01, 8.995738856921485e-01, 8.463115036674274e-01, 7.985949706689301e-01, 7.558907056351999e-01, 7.177272439002991e-01, -3.263182740587968e-01, -3.666753350940896e-01, -4.036476271512813e-01, -4.375736684396068e-01, -4.687547920395349e-01, -4.97445010482891e-01, -5.23876625426232e-01, -5.482656645972728e-01, -5.708092372959842e-01, -5.916809558486492e-01, -6.11038777170646e-01, -6.290311133982867e-01, 3.592214257350067e-01, 3.535659539221005e-01, 3.489182616825934e-01, 3.451846528440529e-01, 3.42285898117001e-01, 3.401451720143926e-01, 3.386899528321128e-01, 3.378514939584688e-01, 3.37568879188307e-01, 3.377886117100991e-01, 3.384630988081854e-01, 3.395507323816697e-01, 3.410095572471619e-01, -6.671851949876511e-01, -6.75089731684102e-01, -6.827266430127925e-01, -6.901137076300279e-01, -6.972726499115972e-01, -7.042241676145624e-01, -7.109900760584555e-01, -7.175825346679698e-01, -7.240216302604544e-01, -7.303213328186152e-01, -7.364970953998472e-01, -7.42555436603786e-01, 2.56494047217141e-01, 2.606293618882614e-01, 2.648395699348771e-01, 2.691219634022128e-01, 2.734593676231139e-01, 2.778606979177635e-01, 2.823259841199568e-01, 2.868422324022226e-01, 2.91407147955564e-01, 2.960135506422966e-01, 3.006575316752927e-01, 3.053366199111356e-01, 3.100458979606628e-01, -6.952063491241069e-01, -7.004393438728036e-01, -7.056521326102579e-01, -7.108461745540958e-01, -7.160225448976454e-01, -7.211838352307167e-01, -7.263309396299124e-01, -7.314625467911613e-01, -7.365825310366606e-01, -7.416919944173017e-01, -7.467892693153811e-01, -7.51877663094531e-01, 2.480444335605682e-01, 2.529766928218122e-01, 2.579138694776186e-01, 2.628566195026558e-01, 2.678041375533886e-01, 2.727561259600111e-01, 2.777128827475944e-01, 2.826739608792075e-01, 2.876378702388366e-01, 2.926055348801943e-01, 2.97577014021148e-01, 3.025502515085016e-01, 3.075263202190399e-01]
