last-generated=2020-11-03
statistics-simulation=
{
  "linear": " ",
  "nonlinear": " ",
  "number of continuous time states": "8",
  "numerical Jacobians": "0"
}
time=[0e+00, 7.2e+03]
volA.T=[2.911499938964844e+02, 2.912300109863281e+02, 2.913079833984375e+02, 2.913840637207031e+02, 2.914583740234375e+02, 2.915309753417969e+02, 2.916019592285156e+02, 2.9167138671875e+02, 2.917392883300781e+02, 2.918057556152344e+02, 2.91870849609375e+02, 2.919345703125e+02, 2.919970092773438e+02, 2.920582275390625e+02, 2.921181945800781e+02, 2.921770324707031e+02, 2.922347717285156e+02, 2.922914428710938e+02, 2.923471069335938e+02, 2.924018249511719e+02, 2.924555969238281e+02, 2.925085754394531e+02, 2.925607299804688e+02, 2.926121520996094e+02, 2.926628723144531e+02, 2.927130126953125e+02, 2.927626037597656e+02, 2.928116760253906e+02, 2.928603210449219e+02, 2.929085693359375e+02, 2.9295654296875e+02, 2.930042419433594e+02, 2.930517578125e+02, 2.930991516113281e+02, 2.931464538574219e+02, 2.931937561035156e+02, 2.932409973144531e+02, 2.932881469726562e+02, 2.933350830078125e+02, 2.933817749023438e+02, 2.9342822265625e+02, 2.934743041992188e+02, 2.935199890136719e+02, 2.935652465820312e+02, 2.936100158691406e+02, 2.936542663574219e+02, 2.936979675292969e+02, 2.937410888671875e+02, 2.937836303710938e+02, 2.938255004882812e+02, 2.938667602539062e+02, 2.938604125976562e+02, 2.938541870117188e+02, 2.938480224609375e+02, 2.938419799804688e+02, 2.938360290527344e+02, 2.938302001953125e+02, 2.938244323730469e+02, 2.938187561035156e+02, 2.938131408691406e+02, 2.938076477050781e+02, 2.938022155761719e+02, 2.93796875e+02, 2.937916259765625e+02, 2.937864379882812e+02, 2.937813415527344e+02, 2.937763061523438e+02, 2.937713623046875e+02, 2.937664794921875e+02, 2.937616577148438e+02, 2.937569274902344e+02, 2.937522277832031e+02, 2.937476196289062e+02, 2.937431030273438e+02, 2.937386169433594e+02, 2.937341918945312e+02, 2.937298278808594e+02, 2.937255249023438e+02, 2.937213134765625e+02, 2.937171325683594e+02, 2.937130126953125e+02, 2.937089233398438e+02, 2.937049255371094e+02, 2.937009582519531e+02, 2.936970520019531e+02, 2.936932067871094e+02, 2.936894226074219e+02, 2.936856689453125e+02, 2.936819458007812e+02, 2.936783142089844e+02, 2.936746826171875e+02, 2.93671142578125e+02, 2.936676330566406e+02, 2.936641540527344e+02, 2.936607360839844e+02, 2.936573486328125e+02, 2.936539916992188e+02, 2.936506958007812e+02, 2.936474304199219e+02, 2.936442260742188e+02, 2.936410522460938e+02]
volOut.T=[2.931499938964844e+02, 2.931499938964844e+02, 2.931499938964844e+02, 2.931499938964844e+02, 2.931499938964844e+02, 2.931499938964844e+02, 2.931499938964844e+02, 2.931499938964844e+02, 2.931499938964844e+02, 2.931499938964844e+02, 2.931499938964844e+02, 2.931499938964844e+02, 2.931499938964844e+02, 2.931499938964844e+02, 2.931499938964844e+02, 2.931499938964844e+02, 2.931499938964844e+02, 2.931499938964844e+02, 2.931499938964844e+02, 2.931499938964844e+02, 2.931499938964844e+02, 2.931499938964844e+02, 2.931499938964844e+02, 2.931499938964844e+02, 2.931499938964844e+02, 2.931499938964844e+02, 2.931499938964844e+02, 2.931499938964844e+02, 2.931499938964844e+02, 2.931499938964844e+02, 2.931499938964844e+02, 2.931499938964844e+02, 2.931499938964844e+02, 2.931499938964844e+02, 2.931499938964844e+02, 2.931499938964844e+02, 2.931499938964844e+02, 2.931499938964844e+02, 2.931499938964844e+02, 2.931499938964844e+02, 2.931499938964844e+02, 2.931499938964844e+02, 2.931499938964844e+02, 2.931499938964844e+02, 2.931499938964844e+02, 2.931499938964844e+02, 2.931499938964844e+02, 2.931499938964844e+02, 2.931499938964844e+02, 2.931499938964844e+02, 2.931499938964844e+02, 2.931499938964844e+02, 2.931499938964844e+02, 2.931499938964844e+02, 2.931499938964844e+02, 2.931499938964844e+02, 2.931499938964844e+02, 2.931499938964844e+02, 2.931499938964844e+02, 2.931499938964844e+02, 2.931499938964844e+02, 2.931499938964844e+02, 2.931499938964844e+02, 2.931499938964844e+02, 2.931499938964844e+02, 2.931499938964844e+02, 2.931499938964844e+02, 2.931499938964844e+02, 2.931499938964844e+02, 2.931499938964844e+02, 2.931499938964844e+02, 2.931499938964844e+02, 2.931499938964844e+02, 2.931499938964844e+02, 2.931499938964844e+02, 2.931499938964844e+02, 2.931499938964844e+02, 2.931499938964844e+02, 2.931499938964844e+02, 2.931499938964844e+02, 2.931499938964844e+02, 2.931499938964844e+02, 2.931499938964844e+02, 2.931499938964844e+02, 2.931499938964844e+02, 2.931499938964844e+02, 2.931499938964844e+02, 2.931499938964844e+02, 2.931499938964844e+02, 2.931499938964844e+02, 2.931499938964844e+02, 2.931499938964844e+02, 2.931499938964844e+02, 2.931499938964844e+02, 2.931499938964844e+02, 2.931499938964844e+02, 2.931499938964844e+02, 2.931499938964844e+02, 2.931499938964844e+02, 2.931499938964844e+02, 2.931499938964844e+02]
oriOutBot.v=[0e+00, 2.858859598636627e-01, 2.799840271472931e-01, 2.741040885448456e-01, 2.682407200336456e-01, 2.623878419399261e-01, 2.565231919288635e-01, 2.506006956100464e-01, 2.445688396692276e-01, 2.383759170770645e-01, 2.319737374782562e-01, 2.253202944993973e-01, 2.183871865272522e-01, 2.111446410417557e-01, 2.035812884569168e-01, 1.956908255815506e-01, 1.874691098928452e-01, 1.789204776287079e-01, 1.700506508350372e-01, 1.608957201242447e-01, 1.514500975608826e-01, 1.417198181152344e-01, 1.317133605480194e-01, 1.214390993118286e-01, 1.111423298716545e-01, 1.007789969444275e-01, 9.006902575492859e-02, 7.91247189044952e-02, 6.80688619613647e-02, 5.703203752636909e-02, 4.593203961849213e-02, 3.472468256950378e-02, 2.344604954123497e-02, 1.212998479604721e-02, 8.105030283331871e-04, -1.04725556448102e-02, -2.170797251164913e-02, -3.286541625857353e-02, -4.389886930584908e-02, -5.476414784789085e-02, -6.54195100069046e-02, -7.582622766494751e-02, -8.594904839992523e-02, -9.577488899230957e-02, -1.052768751978874e-01, -1.144363656640053e-01, -1.232410594820976e-01, -1.316820085048676e-01, -1.397716253995895e-01, -1.474778652191162e-01, -1.548193693161011e-01, -1.537086069583893e-01, -1.526090651750565e-01, -1.515207886695862e-01, -1.504438370466232e-01, -1.493782848119736e-01, -1.483241319656372e-01, -1.472814530134201e-01, -1.462502628564835e-01, -1.452305912971497e-01, -1.442224234342575e-01, -1.432252824306488e-01, -1.422388106584549e-01, -1.412630677223206e-01, -1.40297994017601e-01, -1.393435001373291e-01, -1.383995115756989e-01, -1.374659091234207e-01, -1.365426033735275e-01, -1.356294900178909e-01, -1.347264349460602e-01, -1.338332742452621e-01, -1.329496800899506e-01, -1.320755928754807e-01, -1.312109678983688e-01, -1.303557157516479e-01, -1.29509761929512e-01, -1.286730170249939e-01, -1.278453916311264e-01, -1.270267814397812e-01, -1.262170821428299e-01, -1.254162043333054e-01, -1.246240437030792e-01, -1.238404661417007e-01, -1.230653673410416e-01, -1.222986280918121e-01, -1.215401217341423e-01, -1.207897216081619e-01, -1.200472936034203e-01, -1.193127110600471e-01, -1.185858249664307e-01, -1.178667619824409e-01, -1.171554177999496e-01, -1.164514794945717e-01, -1.157548651099205e-01, -1.150655224919319e-01, -1.143833696842194e-01, -1.137083396315575e-01, -1.130403503775597e-01, -1.123793199658394e-01, -1.117251887917519e-01]
oriOutTop.v=[-4.126987159252167e-01, -2.858851253986359e-01, -2.799832224845886e-01, -2.741033136844635e-01, -2.682399451732635e-01, -2.623870968818665e-01, -2.565224766731262e-01, -2.506000101566315e-01, -2.445679008960724e-01, -2.383741289377213e-01, -2.319712042808533e-01, -2.2531957924366e-01, -2.183829993009567e-01, -2.111436128616333e-01, -2.035821378231049e-01, -1.956895887851715e-01, -1.874688118696213e-01, -1.789260506629944e-01, -1.70075848698616e-01, -1.609099358320236e-01, -1.514682471752167e-01, -1.417827606201172e-01, -1.318860799074173e-01, -1.218129545450211e-01, -1.113598495721817e-01, -1.006108894944191e-01, -8.989065140485764e-02, -7.912777364253995e-02, -6.8239152431488e-02, -5.713272839784622e-02, -4.592573270201683e-02, -3.469699621200562e-02, -2.344613149762154e-02, -1.217412855476141e-02, -8.811599109321833e-04, 1.0439557954669e-02, 2.171774953603745e-02, 3.288999199867249e-02, 4.391952604055405e-02, 5.477145314216614e-02, 6.541313230991364e-02, 7.581450790166855e-02, 8.594836294651031e-02, 9.577561914920807e-02, 1.052774637937546e-01, 1.144401580095291e-01, 1.232511848211288e-01, 1.317013651132584e-01, 1.397676765918732e-01, 1.474800109863281e-01, 1.548241078853607e-01, 1.537099480628967e-01, 1.52608335018158e-01, 1.515190750360489e-01, 1.50441974401474e-01, 1.49376854300499e-01, 1.483234912157059e-01, 1.472816616296768e-01, 1.462510973215103e-01, 1.452315449714661e-01, 1.442227512598038e-01, 1.432250738143921e-01, 1.42238512635231e-01, 1.412627100944519e-01, 1.402975916862488e-01, 1.393430531024933e-01, 1.383989751338959e-01, 1.37465238571167e-01, 1.365417391061783e-01, 1.356283128261566e-01, 1.347248256206512e-01, 1.338315308094025e-01, 1.329486817121506e-01, 1.320751905441284e-01, 1.312110126018524e-01, 1.303560882806778e-01, 1.295103430747986e-01, 1.286737024784088e-01, 1.278460919857025e-01, 1.270274370908737e-01, 1.262176483869553e-01, 1.2541663646698e-01, 1.246243119239807e-01, 1.238405779004097e-01, 1.230653375387192e-01, 1.222984865307808e-01, 1.215399131178856e-01, 1.207895129919052e-01, 1.200471594929695e-01, 1.193127483129501e-01, 1.185861527919769e-01, 1.178670600056648e-01, 1.17155410349369e-01, 1.164513304829597e-01, 1.15754708647728e-01, 1.150654405355453e-01, 1.143834218382835e-01, 1.13708533346653e-01, 1.130406707525253e-01, 1.123797222971916e-01, 1.117255538702011e-01]
