last-generated=2021-04-28
statistics-initialization=
{
  "nonlinear": "0, 0, 8, 0, 0, 0, 0, 1, 0, 1, 1, 1",
  "numerical Jacobians": "0"
}
statistics-simulation=
{
  "linear": "24",
  "nonlinear": "0, 0, 8, 0, 1, 0, 1, 1, 1",
  "number of continuous time states": "74",
  "numerical Jacobians": "0"
}
time=[0e+00, 1e+03]
pmpNorth.m_flow=[-0e+00, 3.940263509750366e+00, 5.780935764312744e+00, 5.808555603027344e+00, 5.689335346221924e+00, 5.604323863983154e+00, 5.557217597961426e+00, 5.540600776672363e+00, 5.547809600830078e+00, 5.572282791137695e+00, 5.607223033905029e+00, 5.646756172180176e+00, 5.681646823883057e+00, 5.72184419631958e+00, 5.762679100036621e+00, 5.800496578216553e+00, 5.83441162109375e+00, 5.864457607269287e+00, 5.890842914581299e+00, 5.913851737976074e+00, 5.933784008026123e+00, 5.950908660888672e+00, 5.965390205383301e+00, 5.977396011352539e+00, 5.98707103729248e+00, 5.994525909423828e+00, 5.999836921691895e+00, 6.391309261322021e+00, 6.808254718780518e+00, 6.981492042541504e+00, 7.000439167022705e+00, 6.957546234130859e+00, 6.904160022735596e+00, 6.857443332672119e+00, 6.818737506866455e+00, 6.7847580909729e+00, 6.75256872177124e+00, 6.719139099121094e+00, 6.68217945098877e+00, 6.642555236816406e+00, 6.599846363067627e+00, 6.552389144897461e+00, 6.499032497406006e+00, 6.439064025878906e+00, 6.371935844421387e+00, 6.297025680541992e+00, 6.213579654693604e+00, 6.120823860168457e+00, 6.01792573928833e+00, 5.904001235961914e+00, 5.778128623962402e+00, 4.468205451965332e+00, 1.749639272689819e+00, 5.365418791770935e-01, 1.090883985161781e-01, 2.315306104719639e-02, 1.433952432125807e-02, 1.323482301086187e-02, 1.233154535293579e-02, 1.132404897361994e-02, 1.023189909756184e-02, 9.082941338419914e-03, 7.907476276159286e-03, 6.735149770975113e-03, 5.597342737019062e-03, 4.526104778051376e-03, 3.549650311470032e-03, 2.690498949959874e-03, 1.963083166629076e-03, 1.371905673295259e-03, 9.135253494605422e-04, 5.753479199483991e-04, 3.392841317690909e-04, 1.849240652518347e-04, 9.176739695249125e-05, 4.100708974874578e-05, 1.682640686340164e-05, 7.066879334161058e-06, 3.712500529218232e-06, 3.08214202959789e-06, 3.568403599274461e-06, 4.001128672825871e-06, 3.521165353959077e-06, 2.492312660251628e-06, 1.531295310996938e-06, 8.657136163492396e-07, 4.461265632471623e-07, 2.191961527842068e-07, 1.052879596841194e-07, 4.600165581791771e-08, 1.947844197047743e-08, 9.217056451404915e-09, 4.813288878580124e-09, 2.539594312622739e-09, 1.302422392157609e-09, 7.265693602320766e-10, 5.112432699405645e-10, 4.884603277410804e-10, 5.680768633276045e-10, 6.599108481886162e-10, 6.558518172994354e-10]
pmpSouth.m_flow=[0e+00, 3.545600891113281e+00, 5.229345798492432e+00, 5.277125358581543e+00, 5.18304967880249e+00, 5.114251136779785e+00, 5.076239109039307e+00, 5.063394069671631e+00, 5.070379257202148e+00, 5.091804504394531e+00, 5.122028350830078e+00, 5.155564308166504e+00, 5.186090469360352e+00, 5.221213340759277e+00, 5.256625175476074e+00, 5.289448261260986e+00, 5.318986892700195e+00, 5.345262050628662e+00, 5.368434906005859e+00, 5.388726711273193e+00, 5.406371116638184e+00, 5.421579360961914e+00, 5.434477806091309e+00, 5.445198535919189e+00, 5.453855991363525e+00, 5.460537910461426e+00, 5.465304851531982e+00, 5.778443813323975e+00, 6.1065354347229e+00, 6.244116306304932e+00, 6.263262271881104e+00, 6.233721733093262e+00, 6.194432258605957e+00, 6.158894538879395e+00, 6.128528594970703e+00, 6.101089477539062e+00, 6.074480533599854e+00, 6.043420314788818e+00, 6.012546062469482e+00, 5.980756282806396e+00, 5.945413112640381e+00, 5.905575752258301e+00, 5.860711574554443e+00, 5.810431480407715e+00, 5.754367828369141e+00, 5.69205379486084e+00, 5.622910976409912e+00, 5.546338558197021e+00, 5.461676120758057e+00, 5.368204116821289e+00, 5.26514720916748e+00, 4.081794738769531e+00, 1.599343061447144e+00, 4.939246773719788e-01, 9.654927253723145e-02, 1.960904523730278e-02, 1.213519275188446e-02, 1.136850193142891e-02, 1.070581190288067e-02, 9.921140968799591e-03, 9.048023261129856e-03, 8.113977499306202e-03, 7.143230177462101e-03, 6.158004980534315e-03, 5.182824097573757e-03, 4.244870040565729e-03, 3.370728809386492e-03, 2.584593370556831e-03, 1.905253739096224e-03, 1.343071460723877e-03, 9.005327592603862e-04, 5.701324553228915e-04, 3.374553052708507e-04, 1.84377800906077e-04, 9.163242793874815e-05, 4.098008867003955e-05, 1.682185757090338e-05, 6.965382908674655e-06, 3.401792355361977e-06, 2.646170514708501e-06, 2.667446551640751e-06, 2.477353291396867e-06, 1.94093945538043e-06, 1.325382413597254e-06, 8.062525580498914e-07, 4.53533687050367e-07, 2.325734556052339e-07, 1.135911489313912e-07, 5.416323034523884e-08, 2.346000371744594e-08, 9.836830017206921e-09, 4.605969383675301e-09, 2.379457075818436e-09, 1.242178471194677e-09, 6.306768440822452e-10, 3.486208266512136e-10, 2.433284684855153e-10, 2.308787605542761e-10, 2.669587884085445e-10, 3.086474964497654e-10, 3.055839747911904e-10]
