last-generated=2020-08-28
statistics-initialization=
{
  "nonlinear": "1, 0",
  "numerical Jacobians": "0"
}
statistics-simulation=
{
  "linear": "0, 0, 0",
  "nonlinear": "1, 1, 1, 1",
  "number of continuous time states": "25",
  "numerical Jacobians": "0"
}
time=[0e+00, 8e+02]
hydraulicBus.TFwrdInMea=[3.031499938964844e+02, 3.031478271484375e+02, 3.031426086425781e+02, 3.031352844238281e+02, 3.031268005371094e+02, 3.031176147460938e+02, 3.031082458496094e+02, 3.030988159179688e+02, 3.030892944335938e+02, 3.030797424316406e+02, 3.030701293945312e+02, 3.030605163574219e+02, 3.030508422851562e+02, 3.030411987304688e+02, 3.03031494140625e+02, 3.030217895507812e+02, 3.030121459960938e+02, 3.030025024414062e+02, 3.029928588867188e+02, 3.029832153320312e+02, 3.029735717773438e+02, 3.029638977050781e+02, 3.029542846679688e+02, 3.0297021484375e+02, 3.091910400390625e+02, 3.149610290527344e+02, 3.183459777832031e+02, 3.203317260742188e+02, 3.214968566894531e+02, 3.2218017578125e+02, 3.225810546875e+02, 3.228162536621094e+02, 3.229541931152344e+02, 3.230351867675781e+02, 3.230827026367188e+02, 3.231105346679688e+02, 3.231268920898438e+02, 3.231364135742188e+02, 3.231419982910156e+02, 3.231452941894531e+02, 3.231472473144531e+02, 3.231483764648438e+02, 3.231490478515625e+02, 3.231494445800781e+02, 3.23149658203125e+02, 3.231498107910156e+02, 3.231498718261719e+02, 3.231499328613281e+02, 3.231499633789062e+02, 3.231499633789062e+02, 3.231499938964844e+02, 3.231499938964844e+02, 3.231499938964844e+02, 3.231499938964844e+02, 3.231499938964844e+02, 3.231499938964844e+02, 3.231499938964844e+02, 3.231499938964844e+02, 3.231499938964844e+02, 3.231499938964844e+02, 3.231499938964844e+02, 3.231499938964844e+02, 3.231499938964844e+02, 3.231499938964844e+02, 3.231499938964844e+02, 3.231499938964844e+02, 3.231499938964844e+02, 3.231499938964844e+02, 3.231499938964844e+02, 3.231499938964844e+02, 3.231499938964844e+02, 3.231499938964844e+02, 3.231499938964844e+02, 3.231499938964844e+02, 3.231499938964844e+02, 3.231499938964844e+02, 3.231499938964844e+02, 3.231499938964844e+02, 3.231499938964844e+02, 3.231499938964844e+02, 3.231499938964844e+02, 3.231499938964844e+02, 3.231499938964844e+02, 3.231499938964844e+02, 3.231499938964844e+02, 3.231499938964844e+02, 3.231499938964844e+02, 3.231499938964844e+02, 3.231499938964844e+02, 3.231499938964844e+02, 3.231499938964844e+02, 3.231499938964844e+02, 3.231499938964844e+02, 3.231499938964844e+02, 3.231499938964844e+02, 3.231499938964844e+02, 3.231499938964844e+02, 3.231499938964844e+02, 3.231499938964844e+02, 3.231499938964844e+02, 3.231499938964844e+02]
hydraulicBus.TFwrdOutMea=[3.031499938964844e+02, 3.031478271484375e+02, 3.031426086425781e+02, 3.031352844238281e+02, 3.031268005371094e+02, 3.031176147460938e+02, 3.031082458496094e+02, 3.030988159179688e+02, 3.030892944335938e+02, 3.030797424316406e+02, 3.030701293945312e+02, 3.030605163574219e+02, 3.030508422851562e+02, 3.030411987304688e+02, 3.03031494140625e+02, 3.030217895507812e+02, 3.030121459960938e+02, 3.030025024414062e+02, 3.029928588867188e+02, 3.029832153320312e+02, 3.029735717773438e+02, 3.029638977050781e+02, 3.029542846679688e+02, 3.029450988769531e+02, 3.029926452636719e+02, 3.030470886230469e+02, 3.030833740234375e+02, 3.032680969238281e+02, 3.06208740234375e+02, 3.106983337402344e+02, 3.148248596191406e+02, 3.179100036621094e+02, 3.199662170410156e+02, 3.212498474121094e+02, 3.220237426757812e+02, 3.224826049804688e+02, 3.227531127929688e+02, 3.229118347167969e+02, 3.23005126953125e+02, 3.230604858398438e+02, 3.230933837890625e+02, 3.231131286621094e+02, 3.231251831054688e+02, 3.231323547363281e+02, 3.231365661621094e+02, 3.231392822265625e+02, 3.231411437988281e+02, 3.231424865722656e+02, 3.231434936523438e+02, 3.231442565917969e+02, 3.231448974609375e+02, 3.231454467773438e+02, 3.231459350585938e+02, 3.231463928222656e+02, 3.231467895507812e+02, 3.231471862792969e+02, 3.231475830078125e+02, 3.2314794921875e+02, 3.231483154296875e+02, 3.23148681640625e+02, 3.231490478515625e+02, 3.231494140625e+02, 3.231497802734375e+02, 3.23150146484375e+02, 3.231504821777344e+02, 3.231508483886719e+02, 3.231512145996094e+02, 3.231515808105469e+02, 3.231519470214844e+02, 3.231523132324219e+02, 3.231526794433594e+02, 3.231530456542969e+02, 3.231534118652344e+02, 3.2315380859375e+02, 3.231541748046875e+02, 3.231545715332031e+02, 3.231549377441406e+02, 3.231553344726562e+02, 3.231557312011719e+02, 3.231561279296875e+02, 3.231565551757812e+02, 3.231569519042969e+02, 3.231573791503906e+02, 3.231578063964844e+02, 3.231582336425781e+02, 3.231586608886719e+02, 3.231590576171875e+02, 3.231593933105469e+02, 3.231596374511719e+02, 3.231597595214844e+02, 3.231598205566406e+02, 3.231598815917969e+02, 3.23159912109375e+02, 3.23159912109375e+02, 3.231599426269531e+02, 3.231599426269531e+02, 3.231599426269531e+02, 3.231599426269531e+02, 3.231599426269531e+02, 3.231599426269531e+02, 3.231599426269531e+02]
hydraulicBus.TRtrnInMea=[3.031499938964844e+02, 3.031478271484375e+02, 3.031426086425781e+02, 3.031352844238281e+02, 3.031268005371094e+02, 3.031176147460938e+02, 3.031082458496094e+02, 3.030988159179688e+02, 3.030892944335938e+02, 3.030797424316406e+02, 3.030701293945312e+02, 3.030605163574219e+02, 3.030508422851562e+02, 3.030411987304688e+02, 3.03031494140625e+02, 3.030217895507812e+02, 3.030121459960938e+02, 3.030025024414062e+02, 3.029928588867188e+02, 3.029832153320312e+02, 3.029735717773438e+02, 3.029638977050781e+02, 3.029542846679688e+02, 3.029450988769531e+02, 3.029926452636719e+02, 3.030470886230469e+02, 3.030833740234375e+02, 3.032680969238281e+02, 3.06208740234375e+02, 3.106983337402344e+02, 3.148248596191406e+02, 3.179100036621094e+02, 3.199662170410156e+02, 3.212498474121094e+02, 3.220237426757812e+02, 3.224826049804688e+02, 3.227531127929688e+02, 3.229118347167969e+02, 3.23005126953125e+02, 3.230604858398438e+02, 3.230933837890625e+02, 3.231131286621094e+02, 3.231251831054688e+02, 3.231323547363281e+02, 3.231365661621094e+02, 3.231392822265625e+02, 3.231411437988281e+02, 3.231424865722656e+02, 3.231434936523438e+02, 3.231442565917969e+02, 3.231448974609375e+02, 3.231454467773438e+02, 3.231459350585938e+02, 3.231463928222656e+02, 3.231467895507812e+02, 3.231471862792969e+02, 3.231475830078125e+02, 3.2314794921875e+02, 3.231483154296875e+02, 3.23148681640625e+02, 3.231490478515625e+02, 3.231494140625e+02, 3.231497802734375e+02, 3.23150146484375e+02, 3.231504821777344e+02, 3.231508483886719e+02, 3.231512145996094e+02, 3.231515808105469e+02, 3.231519470214844e+02, 3.231523132324219e+02, 3.231526794433594e+02, 3.231530456542969e+02, 3.231534118652344e+02, 3.2315380859375e+02, 3.231541748046875e+02, 3.231545715332031e+02, 3.231549377441406e+02, 3.231553344726562e+02, 3.231557312011719e+02, 3.231561279296875e+02, 3.231565551757812e+02, 3.231569519042969e+02, 3.231573791503906e+02, 3.231578063964844e+02, 3.231582336425781e+02, 3.231586608886719e+02, 3.231590576171875e+02, 3.231593933105469e+02, 3.231596374511719e+02, 3.231597595214844e+02, 3.231598205566406e+02, 3.231598815917969e+02, 3.23159912109375e+02, 3.23159912109375e+02, 3.231599426269531e+02, 3.231599426269531e+02, 3.231599426269531e+02, 3.231599426269531e+02, 3.231599426269531e+02, 3.231599426269531e+02, 3.231599426269531e+02]
hydraulicBus.TRtrnOutMea=[3.031499938964844e+02, 3.031478271484375e+02, 3.031426086425781e+02, 3.031352844238281e+02, 3.031268005371094e+02, 3.031176147460938e+02, 3.031082458496094e+02, 3.030988159179688e+02, 3.030892944335938e+02, 3.030797424316406e+02, 3.030701293945312e+02, 3.030605163574219e+02, 3.030508422851562e+02, 3.030411987304688e+02, 3.03031494140625e+02, 3.030217895507812e+02, 3.030121459960938e+02, 3.030025024414062e+02, 3.029928588867188e+02, 3.029832153320312e+02, 3.029735717773438e+02, 3.029638977050781e+02, 3.029542846679688e+02, 3.029457092285156e+02, 3.029919128417969e+02, 3.030364379882812e+02, 3.030708618164062e+02, 3.030911254882812e+02, 3.031025390625e+02, 3.047926330566406e+02, 3.095805969238281e+02, 3.142164611816406e+02, 3.176134033203125e+02, 3.198177490234375e+02, 3.211675415039062e+02, 3.219724426269531e+02, 3.22447998046875e+02, 3.227272644042969e+02, 3.228914794921875e+02, 3.22989013671875e+02, 3.230469970703125e+02, 3.230818786621094e+02, 3.231031188964844e+02, 3.231158447265625e+02, 3.231233215332031e+02, 3.231280822753906e+02, 3.231313781738281e+02, 3.231337280273438e+02, 3.231354675292969e+02, 3.231368103027344e+02, 3.231378784179688e+02, 3.231387939453125e+02, 3.231395874023438e+02, 3.231402893066406e+02, 3.231409606933594e+02, 3.231415405273438e+02, 3.231421203613281e+02, 3.231426696777344e+02, 3.231432189941406e+02, 3.231437377929688e+02, 3.231442565917969e+02, 3.231447448730469e+02, 3.231452331542969e+02, 3.231457214355469e+02, 3.231461791992188e+02, 3.231466674804688e+02, 3.231471252441406e+02, 3.231475830078125e+02, 3.231480407714844e+02, 3.231484985351562e+02, 3.231489562988281e+02, 3.231493835449219e+02, 3.231498413085938e+02, 3.231502990722656e+02, 3.231507568359375e+02, 3.231511840820312e+02, 3.231516418457031e+02, 3.231520690917969e+02, 3.231525268554688e+02, 3.231529846191406e+02, 3.231534729003906e+02, 3.231539306640625e+02, 3.231544189453125e+02, 3.231548767089844e+02, 3.231553649902344e+02, 3.231558532714844e+02, 3.231563110351562e+02, 3.231567077636719e+02, 3.231569519042969e+02, 3.231571044921875e+02, 3.231571960449219e+02, 3.231572570800781e+02, 3.231572875976562e+02, 3.231572875976562e+02, 3.231573181152344e+02, 3.231573181152344e+02, 3.231573181152344e+02, 3.231573181152344e+02, 3.231573181152344e+02, 3.231573181152344e+02, 3.231573181152344e+02]
hydraulicBus.VFlowInMea=[2.442118542013704e-16, 2.442118542013704e-16, 2.442118542013704e-16, 2.442118542013704e-16, 2.442118542013704e-16, 2.442118542013704e-16, 2.442118542013704e-16, 2.442118542013704e-16, 2.442118542013704e-16, 2.442118542013704e-16, 2.442118542013704e-16, 2.442118542013704e-16, 2.442118542013704e-16, 2.442118542013704e-16, 2.442118542013704e-16, 2.442118542013704e-16, 2.442118542013704e-16, 2.442118542013704e-16, 2.442118542013704e-16, 2.442118542013704e-16, 2.442118542013704e-16, 2.442118542013704e-16, 2.442118542013704e-16, 6.245219310585526e-07, 3.743952402146533e-05, 6.55277181067504e-05, 9.775364742381498e-05, 1.363444898743182e-04, 1.750464725773783e-04, 2.137318515451624e-04, 2.523966541048139e-04, 2.910482580773532e-04, 3.29696194967255e-04, 3.683440736494958e-04, 4.069919814355671e-04, 4.45639860117808e-04, 4.842877679038793e-04, 5.229356465861201e-04, 5.615835543721914e-04, 6.002314621582627e-04, 6.38879369944334e-04, 6.775272777304053e-04, 7.161751855164766e-04, 7.548230933025479e-04, 7.934710010886192e-04, 8.321189088746905e-04, 8.707668166607618e-04, 9.094147244468331e-04, 9.480626322329044e-04, 9.867105400189757e-04, 1.025358447805047e-03, 1.064006355591118e-03, 1.10265426337719e-03, 1.141302171163261e-03, 1.179950078949332e-03, 1.218597986735404e-03, 1.257245894521475e-03, 1.295893802307546e-03, 1.334541710093617e-03, 1.373189617879689e-03, 1.41183752566576e-03, 1.450485433451831e-03, 1.489133341237903e-03, 1.527781249023974e-03, 1.566429156810045e-03, 1.605076948180795e-03, 1.643724855966866e-03, 1.682372763752937e-03, 1.721020671539009e-03, 1.75966857932508e-03, 1.798316487111151e-03, 1.836964394897223e-03, 1.875612302683294e-03, 1.914260210469365e-03, 1.952908118255436e-03, 1.991556026041508e-03, 2.030204050242901e-03, 2.06885184161365e-03, 2.107499865815043e-03, 2.146147657185793e-03, 2.184795681387186e-03, 2.223443472757936e-03, 2.262091496959329e-03, 2.300739288330078e-03, 2.339387312531471e-03, 2.378035103902221e-03, 2.405750099569559e-03, 2.413465408608317e-03, 2.41497065871954e-03, 2.415224444121122e-03, 2.4152637924999e-03, 2.415269147604704e-03, 2.415269613265991e-03, 2.415269846096635e-03, 2.415269846096635e-03, 2.415269846096635e-03, 2.415269846096635e-03, 2.415269846096635e-03, 2.415269846096635e-03, 2.415269846096635e-03, 2.415269846096635e-03]
hydraulicBus.VFlowOutMea=[2.442118542013704e-16, 2.442118542013704e-16, 2.442118542013704e-16, 2.442118542013704e-16, 2.442118542013704e-16, 2.442118542013704e-16, 2.442118542013704e-16, 2.442118542013704e-16, 2.442118542013704e-16, 2.442118542013704e-16, 2.442118542013704e-16, 2.442118542013704e-16, 2.442118542013704e-16, 2.442118542013704e-16, 2.442118542013704e-16, 2.442118542013704e-16, 2.442118542013704e-16, 2.442118542013704e-16, 2.442118542013704e-16, 2.442118542013704e-16, 2.442118542013704e-16, 2.442118542013704e-16, 2.442118542013704e-16, 6.245219310585526e-07, 3.743952402146533e-05, 6.55277181067504e-05, 9.775364742381498e-05, 1.363444898743182e-04, 1.750464725773783e-04, 2.137318515451624e-04, 2.523966541048139e-04, 2.910482580773532e-04, 3.29696194967255e-04, 3.683440736494958e-04, 4.069919814355671e-04, 4.45639860117808e-04, 4.842877679038793e-04, 5.229356465861201e-04, 5.615835543721914e-04, 6.002314621582627e-04, 6.38879369944334e-04, 6.775272777304053e-04, 7.161751855164766e-04, 7.548230933025479e-04, 7.934710010886192e-04, 8.321189088746905e-04, 8.707668166607618e-04, 9.094147244468331e-04, 9.480626322329044e-04, 9.867105400189757e-04, 1.025358447805047e-03, 1.064006355591118e-03, 1.10265426337719e-03, 1.141302171163261e-03, 1.179950078949332e-03, 1.218597986735404e-03, 1.257245894521475e-03, 1.295893802307546e-03, 1.334541710093617e-03, 1.373189617879689e-03, 1.41183752566576e-03, 1.450485433451831e-03, 1.489133341237903e-03, 1.527781249023974e-03, 1.566429156810045e-03, 1.605076948180795e-03, 1.643724855966866e-03, 1.682372763752937e-03, 1.721020671539009e-03, 1.75966857932508e-03, 1.798316487111151e-03, 1.836964394897223e-03, 1.875612302683294e-03, 1.914260210469365e-03, 1.952908118255436e-03, 1.991556026041508e-03, 2.030204050242901e-03, 2.06885184161365e-03, 2.107499865815043e-03, 2.146147657185793e-03, 2.184795681387186e-03, 2.223443472757936e-03, 2.262091496959329e-03, 2.300739288330078e-03, 2.339387312531471e-03, 2.378035103902221e-03, 2.405750099569559e-03, 2.413465408608317e-03, 2.41497065871954e-03, 2.415224444121122e-03, 2.4152637924999e-03, 2.415269147604704e-03, 2.415269613265991e-03, 2.415269846096635e-03, 2.415269846096635e-03, 2.415269846096635e-03, 2.415269846096635e-03, 2.415269846096635e-03, 2.415269846096635e-03, 2.415269846096635e-03, 2.415269846096635e-03]
