last-generated=2020-11-03
statistics-simulation=
{
  "linear": " ",
  "nonlinear": " ",
  "number of continuous time states": "18",
  "numerical Jacobians": "0"
}
time=[0e+00, 8.64e+04]
CO2SenWes.C=[0e+00, 0e+00, 0e+00, 0e+00, 0e+00, 1.478029503232392e-07, 1.693885707254594e-07, 1.707800834083172e-07, 1.523952022353114e-07, 1.418914052919718e-07, 1.328264289668368e-07, 1.243107305981539e-07, 1.164739842351992e-07, 1.092105179623104e-07, 1.024911213676205e-07, 9.627314767612916e-08, 9.052043736801352e-08, 8.519683092345075e-08, 8.026683673278967e-08, 7.571739502054697e-08, 7.148471325990613e-08, 6.755123393986651e-08, 6.389940665485483e-08, 6.051168810472518e-08, 5.737052077847693e-08, 5.44583542705368e-08, 5.175764528075888e-08, 4.925083629814253e-08, 4.692038402254183e-08, 4.474873449566985e-08, 4.277305620803418e-08, 4.091228689162563e-08, 3.916018442851055e-08, 3.751226174131261e-08, 3.596402464722814e-08, 3.451098251616714e-08, 3.31486411653259e-08, 3.187251351732812e-08, 3.067810183665642e-08, 2.956092259864818e-08, 2.851647629142917e-08, 2.754027583762308e-08, 2.662782883078307e-08, 2.577464286446229e-08, 2.497622730857074e-08, 2.422808975666157e-08, 2.352573780228795e-08, 2.286468081535986e-08, 2.224042816578731e-08, 2.164848744712344e-08, 2.108436625292143e-08, 2.054357395309125e-08, 2.005590893361386e-08, 1.958865425422118e-08, 1.913667091457683e-08, 1.869959476152871e-08, 1.827706341828161e-08, 1.786871450804029e-08, 1.747418743036633e-08, 1.709311980846451e-08, 1.672514748918275e-08, 1.63699080957258e-08, 1.602704102765529e-08, 1.569618390817595e-08, 1.537697258413573e-08, 1.506904645509621e-08, 1.477204136790533e-08, 1.44855976103031e-08, 1.420935014095903e-08, 1.394293835943472e-08, 1.368599988893493e-08, 1.3438171464486e-08, 1.319909159747112e-08, 1.296839791109505e-08, 1.274572714038413e-08, 1.253071779672155e-08, 1.232300750331206e-08, 1.2122232995182e-08, 1.192803367189299e-08, 1.174004626847136e-08, 1.155790840812188e-08, 1.138125682587088e-08, 1.120973092127997e-08, 1.104296831755391e-08, 1.088060486154063e-08, 1.072227995280173e-08, 1.056763032636354e-08, 1.041629360543084e-08, 1.02679083013868e-08, 1.012211203743618e-08, 9.978541548605335e-09, 9.83683445809902e-09, 9.696630165478837e-09, 9.557564517592709e-09, 9.41927602582382e-09, 9.28140142519851e-09, 9.1442391436658e-09, 9.009503365575711e-09, 8.877240276206066e-09, 8.747370827677514e-09, 8.6198159721107e-09]
CO2SenEas.C=[0e+00, 0e+00, 0e+00, 0e+00, 0e+00, 2.235056939525748e-07, 1.767686370612864e-07, 1.522267041309533e-07, 1.493084766934771e-07, 1.400990328193075e-07, 1.309423112161312e-07, 1.22613045050457e-07, 1.14875284396021e-07, 1.077405471505699e-07, 1.011339350043272e-07, 9.501746944806655e-08, 8.935706574675351e-08, 8.411863916535366e-08, 7.926871603558538e-08, 7.47923891708524e-08, 7.062738660579271e-08, 6.675647767906412e-08, 6.316241041304238e-08, 5.982795414638531e-08, 5.673586045418233e-08, 5.38688915696639e-08, 5.120980972606048e-08, 4.874137005117518e-08, 4.644633122552477e-08, 4.430745548233972e-08, 4.236121853296027e-08, 4.052797208942138e-08, 3.880158772062714e-08, 3.717764585076111e-08, 3.565173400943422e-08, 3.421943972625741e-08, 3.287634697812791e-08, 3.161803974194299e-08, 3.044009844188622e-08, 2.933811593663904e-08, 2.830767265038503e-08, 2.734435611273511e-08, 2.64437485242297e-08, 2.560143563812289e-08, 2.481300498402561e-08, 2.407403698612143e-08, 2.338012095037811e-08, 2.272683907733608e-08, 2.210977712024942e-08, 2.152452083237222e-08, 2.096665419060173e-08, 2.043176294819204e-08, 1.994913922942487e-08, 1.948662031736603e-08, 1.903915247680743e-08, 1.860638043638118e-08, 1.818794714836258e-08, 1.77834955650269e-08, 1.739266863864941e-08, 1.701511109786225e-08, 1.665046589494068e-08, 1.629837775851684e-08, 1.595848786450915e-08, 1.563043916519291e-08, 1.531387816555707e-08, 1.500844781787691e-08, 1.471378929807088e-08, 1.442954733477109e-08, 1.415536488025282e-08, 1.38908866631482e-08, 1.363575474755408e-08, 1.338961297392416e-08, 1.315210518271215e-08, 1.292287521437174e-08, 1.27015651329998e-08, 1.248781877905003e-08, 1.228128088115454e-08, 1.208159261523178e-08, 1.188839959809229e-08, 1.170134478201135e-08, 1.152007023108581e-08, 1.134422156212622e-08, 1.117343995105102e-08, 1.100737012649233e-08, 1.084565592890385e-08, 1.068794031056086e-08, 1.053386622373864e-08, 1.038307750889089e-08, 1.023521800647131e-08, 1.008992978057677e-08, 9.946858448017792e-09, 9.80564607289125e-09, 9.66593560747242e-09, 9.527371780393423e-09, 9.38959754392954e-09, 9.25225585035605e-09, 9.115638022194616e-09, 8.981432486621088e-09, 8.849680099842772e-09, 8.720304478515573e-09, 8.593229239295397e-09]
CO2SenTop.C=[0e+00, 0e+00, 0e+00, 0e+00, 0e+00, 4.582187074220201e-09, 8.857410804807841e-09, 1.277946459765645e-08, 1.638061775111055e-08, 1.961788953508403e-08, 2.253604236557294e-08, 2.516345887215721e-08, 2.75229865565052e-08, 2.963561840374496e-08, 3.152428362795946e-08, 3.320676356111107e-08, 3.469853382398469e-08, 3.601506293193779e-08, 3.717153518323357e-08, 3.817402571826278e-08, 3.90503913649809e-08, 3.980822427251951e-08, 4.045509527372815e-08, 4.099859296502473e-08, 4.144629528468613e-08, 4.180578372370292e-08, 4.208463977306565e-08, 4.229044492376488e-08, 4.243078066679118e-08, 4.251322494042142e-08, 4.25214565780152e-08, 4.24907717899714e-08, 4.242378537355762e-08, 4.232233408174579e-08, 4.218826887836258e-08, 4.202343362180727e-08, 4.182967217047917e-08, 4.160882838277757e-08, 4.136274966981546e-08, 4.109327988999212e-08, 4.080226290170685e-08, 4.049154611607264e-08, 4.016297339148878e-08, 3.981838503364088e-08, 3.945963555906928e-08, 3.908855816803225e-08, 3.870700737707011e-08, 3.831682704458217e-08, 3.791985392354036e-08, 3.751794253048502e-08, 3.711293317110176e-08, 3.670666970378988e-08, 3.628725764315277e-08, 3.586752583828456e-08, 3.5449446045277e-08, 3.503309642383101e-08, 3.461854447550649e-08, 3.420586480729072e-08, 3.37951320261709e-08, 3.338641363370698e-08, 3.297979134231355e-08, 3.257532910083683e-08, 3.217310151626407e-08, 3.177318674829621e-08, 3.137564874577947e-08, 3.098056922112846e-08, 3.058801567590308e-08, 3.019806271709058e-08, 2.981078139896454e-08, 2.942624810486905e-08, 2.904453033636401e-08, 2.866570625315035e-08, 2.828984335678797e-08, 2.791701980697781e-08, 2.754730310527975e-08, 2.71807696350379e-08, 2.681749222688268e-08, 2.645754193508765e-08, 2.610099159028323e-08, 2.574791402309984e-08, 2.539838384052473e-08, 2.505247032047464e-08, 2.471024984629366e-08, 2.437179347225538e-08, 2.403717580534703e-08, 2.370646612348537e-08, 2.337973903365764e-08, 2.305706736649427e-08, 2.273852395262566e-08, 2.242418162268223e-08, 2.211411320729439e-08, 2.180839153709258e-08, 2.150708766635034e-08, 2.12102779784118e-08, 2.091803175119367e-08, 2.063042359168321e-08, 2.034726342969861e-08, 2.006780341901049e-08, 1.979196184720422e-08, 1.951971029257038e-08, 1.925101678068586e-08]
