<<<<<<< HEAD
last-generated=2020-11-23
=======
last-generated=2020-11-24
>>>>>>> 4a50eba96d43df4b1cb6bd94f07f99d00bec03c5
statistics-simulation=
{
  "linear": " ",
  "nonlinear": " ",
  "number of continuous time states": "10",
  "numerical Jacobians": "0"
}
time=[0e+00, 1e+03]
senTemIn.T=[3.231499938964844e+02, 3.231499938964844e+02, 3.231499938964844e+02, 3.231499938964844e+02, 3.231499938964844e+02, 3.231499938964844e+02, 3.231499938964844e+02, 3.231499938964844e+02, 3.231499938964844e+02, 3.231499938964844e+02, 3.231499938964844e+02, 3.431499938964844e+02, 3.431499938964844e+02, 3.431499938964844e+02, 3.431499938964844e+02, 3.431499938964844e+02, 3.431499938964844e+02, 3.431499938964844e+02, 3.431499938964844e+02, 3.431499938964844e+02, 3.431499938964844e+02, 3.431499938964844e+02, 3.431499938964844e+02, 3.431499938964844e+02, 3.431499938964844e+02, 3.431499938964844e+02, 3.431499938964844e+02, 3.431499938964844e+02, 3.431499938964844e+02, 3.431499938964844e+02, 3.431499938964844e+02, 3.431499938964844e+02, 3.431499938964844e+02, 3.431499938964844e+02, 3.431499938964844e+02, 3.431499938964844e+02, 3.431499938964844e+02, 3.431499938964844e+02, 3.431499938964844e+02, 3.431499938964844e+02, 3.431499938964844e+02, 3.431499938964844e+02, 3.431499938964844e+02, 3.431499938964844e+02, 3.431499938964844e+02, 3.431499938964844e+02, 3.431499938964844e+02, 3.431499938964844e+02, 3.431499938964844e+02, 3.431499938964844e+02, 3.431499938964844e+02, 3.431499938964844e+02, 3.431499938964844e+02, 3.431499938964844e+02, 3.431499938964844e+02, 3.431499938964844e+02, 3.431499938964844e+02, 3.431499938964844e+02, 3.431499938964844e+02, 3.431499938964844e+02, 3.431499938964844e+02, 3.431499938964844e+02, 3.431499938964844e+02, 3.431499938964844e+02, 3.431499938964844e+02, 3.431499938964844e+02, 3.431499938964844e+02, 3.431499938964844e+02, 3.431499938964844e+02, 3.431499938964844e+02, 3.431499938964844e+02, 3.431499938964844e+02, 3.431499938964844e+02, 3.431499938964844e+02, 3.431499938964844e+02, 3.431499938964844e+02, 3.431499938964844e+02, 3.431499938964844e+02, 3.431499938964844e+02, 3.431499938964844e+02, 3.431499938964844e+02, 3.431499938964844e+02, 3.431499938964844e+02, 3.431499938964844e+02, 3.431499938964844e+02, 3.431499938964844e+02, 3.431499938964844e+02, 3.431499938964844e+02, 3.431499938964844e+02, 3.431499938964844e+02, 3.431499938964844e+02, 3.431499938964844e+02, 3.431499938964844e+02, 3.431499938964844e+02, 3.431499938964844e+02, 3.431499938964844e+02, 3.431499938964844e+02, 3.431499938964844e+02, 3.431499938964844e+02, 3.431499938964844e+02, 3.431499938964844e+02]
senTemOut.T=[3.231499938964844e+02, 2.781499938964844e+02, 2.781499938964844e+02, 2.781499938964844e+02, 2.781499938964844e+02, 2.781499938964844e+02, 2.781499938964844e+02, 2.781499938964844e+02, 2.781499938964844e+02, 2.781499938964844e+02, 2.781499938964844e+02, 2.781499938964844e+02, 2.781499938964844e+02, 2.781499938964844e+02, 2.781499938964844e+02, 2.781499938964844e+02, 2.781499938964844e+02, 2.781499938964844e+02, 2.781499938964844e+02, 2.781499938964844e+02, 2.781499938964844e+02, 2.781499938964844e+02, 2.781499938964844e+02, 2.781499938964844e+02, 2.781499938964844e+02, 2.781499938964844e+02, 2.781499938964844e+02, 2.781499938964844e+02, 2.781499938964844e+02, 2.781499938964844e+02, 2.781499938964844e+02, 2.781499938964844e+02, 2.781499938964844e+02, 2.781499938964844e+02, 2.781499938964844e+02, 2.781499938964844e+02, 2.781499938964844e+02, 2.781499938964844e+02, 2.781499938964844e+02, 2.781499938964844e+02, 2.781499938964844e+02, 2.781499938964844e+02, 2.781499938964844e+02, 2.781499938964844e+02, 2.781499938964844e+02, 2.781499938964844e+02, 2.781499938964844e+02, 2.781499938964844e+02, 2.781499938964844e+02, 2.781499938964844e+02, 2.781499938964844e+02, 2.781499938964844e+02, 2.781499938964844e+02, 2.781499938964844e+02, 2.781499938964844e+02, 2.781499938964844e+02, 2.781499938964844e+02, 2.781499938964844e+02, 2.781499938964844e+02, 2.781499938964844e+02, 2.781499938964844e+02, 2.781499938964844e+02, 2.781499938964844e+02, 2.781499938964844e+02, 2.781499938964844e+02, 2.781499938964844e+02, 2.781499938964844e+02, 2.781499938964844e+02, 2.781499938964844e+02, 2.781499938964844e+02, 2.781499938964844e+02, 2.781499938964844e+02, 2.781499938964844e+02, 2.781499938964844e+02, 2.781499938964844e+02, 2.781499938964844e+02, 2.781499938964844e+02, 2.781499938964844e+02, 2.781499938964844e+02, 2.781499938964844e+02, 2.781499938964844e+02, 2.781499938964844e+02, 2.781499938964844e+02, 2.781499938964844e+02, 2.781499938964844e+02, 2.781499938964844e+02, 2.781499938964844e+02, 2.781499938964844e+02, 2.781499938964844e+02, 2.781499938964844e+02, 2.781499938964844e+02, 2.781499938964844e+02, 2.781499938964844e+02, 2.781499938964844e+02, 2.781499938964844e+02, 2.781499938964844e+02, 2.781499938964844e+02, 2.781499938964844e+02, 2.781499938964844e+02, 2.781499938964844e+02, 2.781499938964844e+02]
