last-generated=2021-04-28
statistics-simulation=
{
  "linear": " ",
  "nonlinear": "1",
  "numerical Jacobians": "0"
}
time=[1.82304e+07, 1.83168e+07]
HDirRoo.H=[-0e+00, -0e+00, -0e+00, -0e+00, -0e+00, -0e+00, -0e+00, -0e+00, -0e+00, -0e+00, -0e+00, -0e+00, -0e+00, -0e+00, -0e+00, -0e+00, -0e+00, -0e+00, -0e+00, -0e+00, -0e+00, 0e+00, 6.34253304451704e-03, 1.257330179214478e-01, 3.289544105529785e+00, 1.32149076461792e+01, 3.026376342773438e+01, 5.233366394042969e+01, 7.870415496826172e+01, 1.115793685913086e+02, 1.48875244140625e+02, 1.8735302734375e+02, 2.238092651367188e+02, 2.584881591796875e+02, 2.916388854980469e+02, 3.238439025878906e+02, 3.56054931640625e+02, 3.88540771484375e+02, 4.203414306640625e+02, 4.50298828125e+02, 4.772783203125e+02, 5.016060180664062e+02, 5.23630126953125e+02, 5.435905151367188e+02, 5.617175903320312e+02, 5.766976928710938e+02, 5.88313232421875e+02, 5.9711962890625e+02, 6.037011108398438e+02, 6.034962158203125e+02, 5.9326611328125e+02, 5.736624145507812e+02, 5.454853515625e+02, 4.898997497558594e+02, 3.998942260742188e+02, 3.069031677246094e+02, 2.41017333984375e+02, 2.124703979492188e+02, 1.898268585205078e+02, 1.685606689453125e+02, 1.460751953125e+02, 1.204508819580078e+02, 9.332006072998047e+01, 6.786277008056641e+01, 4.675843811035156e+01, 3.190117454528809e+01, 2.215958786010742e+01, 1.598244762420654e+01, 1.220950412750244e+01, 9.850457191467285e+00, 8.11099910736084e+00, 6.633194923400879e+00, 5.223796844482422e+00, 3.78003191947937e+00, 2.260517835617065e+00, 9.879007935523987e-01, 2.304883599281311e-01, 1.003168988972902e-03, 0e+00, -0e+00, -0e+00, -0e+00, -0e+00, -0e+00, -0e+00, -0e+00, -0e+00, -0e+00, -0e+00, -0e+00, -0e+00, -0e+00, -0e+00, -0e+00, -0e+00, -0e+00, -0e+00, -0e+00, -0e+00, -0e+00, -0e+00]
HDirWal.H=[-0e+00, -0e+00, -0e+00, -0e+00, -0e+00, -0e+00, -0e+00, -0e+00, -0e+00, -0e+00, -0e+00, -0e+00, -0e+00, -0e+00, -0e+00, -0e+00, -0e+00, -0e+00, -0e+00, -0e+00, -0e+00, -0e+00, 0e+00, 0e+00, 0e+00, 0e+00, 0e+00, 0e+00, 0e+00, 0e+00, 0e+00, 0e+00, 0e+00, 0e+00, 0e+00, 0e+00, 0e+00, 0e+00, 0e+00, 0e+00, 0e+00, 0e+00, 0e+00, 0e+00, 0e+00, 5.105920314788818e+00, 3.53624382019043e+01, 6.527964782714844e+01, 9.468052673339844e+01, 1.224697799682617e+02, 1.470692443847656e+02, 1.674968414306641e+02, 1.829642944335938e+02, 1.853991241455078e+02, 1.684718322753906e+02, 1.424625091552734e+02, 1.222907867431641e+02, 1.171033325195312e+02, 1.130888061523438e+02, 1.081310501098633e+02, 1.006104049682617e+02, 8.888663482666016e+01, 7.368260192871094e+01, 5.729113388061523e+01, 4.220664978027344e+01, 3.081062698364258e+01, 2.293365669250488e+01, 1.776651763916016e+01, 1.462829399108887e+01, 1.27805700302124e+01, 1.147020435333252e+01, 1.03141565322876e+01, 9.039593696594238e+00, 7.40418004989624e+00, 5.137665271759033e+00, 2.706944942474365e+00, 8.123742938041687e-01, 5.1694898866117e-03, 0e+00, 0e+00, 0e+00, 0e+00, 0e+00, 0e+00, 0e+00, 0e+00, 0e+00, 0e+00, -0e+00, -0e+00, -0e+00, -0e+00, -0e+00, -0e+00, -0e+00, -0e+00, -0e+00, -0e+00, -0e+00, -0e+00, -0e+00]
HDirFlo.H=[0e+00, 0e+00, 0e+00, 0e+00, 0e+00, 0e+00, 0e+00, 0e+00, 0e+00, 0e+00, 0e+00, 0e+00, 0e+00, 0e+00, 0e+00, 0e+00, 0e+00, 0e+00, 0e+00, 0e+00, 0e+00, -0e+00, 0e+00, 0e+00, 0e+00, 0e+00, 0e+00, 0e+00, 0e+00, 0e+00, 0e+00, 0e+00, 0e+00, 0e+00, 0e+00, 0e+00, 0e+00, 0e+00, 0e+00, 0e+00, 0e+00, 0e+00, 0e+00, 0e+00, 0e+00, 0e+00, 0e+00, 0e+00, 0e+00, 0e+00, 0e+00, 0e+00, 0e+00, 0e+00, 0e+00, 0e+00, 0e+00, 0e+00, 0e+00, 0e+00, 0e+00, 0e+00, 0e+00, 0e+00, 0e+00, 0e+00, 0e+00, 0e+00, 0e+00, 0e+00, 0e+00, 0e+00, 0e+00, 0e+00, 0e+00, 0e+00, 0e+00, 0e+00, -0e+00, 0e+00, 0e+00, 0e+00, 0e+00, 0e+00, 0e+00, 0e+00, 0e+00, 0e+00, 0e+00, 0e+00, 0e+00, 0e+00, 0e+00, 0e+00, 0e+00, 0e+00, 0e+00, 0e+00, 0e+00, 0e+00, 0e+00]
