last-generated=2020-08-28
statistics-initialization=
{
  "nonlinear": "4, 0",
  "numerical Jacobians": "0"
}
statistics-simulation=
{
  "linear": "0, 0, 0, 0, 0, 0, 0, 0, 0, 0, 0, 0, 0, 0, 0, 0, 0, 0",
  "nonlinear": "3",
  "number of continuous time states": "82",
  "numerical Jacobians": "0"
}
time=[0e+00, 8e+02]
hydraulicBus.TFwrdInMea=[3.031499938964844e+02, 3.03147705078125e+02, 3.031426391601562e+02, 3.031362609863281e+02, 3.031292114257812e+02, 3.031217956542969e+02, 3.031141357421875e+02, 3.031063537597656e+02, 3.030984802246094e+02, 3.03090576171875e+02, 3.030826721191406e+02, 3.030747375488281e+02, 3.030668334960938e+02, 3.030588989257812e+02, 3.030509948730469e+02, 3.030430908203125e+02, 3.030351867675781e+02, 3.030272827148438e+02, 3.030194396972656e+02, 3.030115966796875e+02, 3.030037231445312e+02, 3.029958801269531e+02, 3.02988037109375e+02, 3.0298046875e+02, 3.032320556640625e+02, 3.059420776367188e+02, 3.110207214355469e+02, 3.154415588378906e+02, 3.184742126464844e+02, 3.203726196289062e+02, 3.2151416015625e+02, 3.221894226074219e+02, 3.225862426757812e+02, 3.228192138671875e+02, 3.229558715820312e+02, 3.230361022949219e+02, 3.230831909179688e+02, 3.231106872558594e+02, 3.231267700195312e+02, 3.231361999511719e+02, 3.231417846679688e+02, 3.231450805664062e+02, 3.231470947265625e+02, 3.231482238769531e+02, 3.231489562988281e+02, 3.231493835449219e+02, 3.231496276855469e+02, 3.231497802734375e+02, 3.2314990234375e+02, 3.231499328613281e+02, 3.231499633789062e+02, 3.231499938964844e+02, 3.231499938964844e+02, 3.231499938964844e+02, 3.231499938964844e+02, 3.231499938964844e+02, 3.231499938964844e+02, 3.231499938964844e+02, 3.231499938964844e+02, 3.231499938964844e+02, 3.231499938964844e+02, 3.231499938964844e+02, 3.231499938964844e+02, 3.231499938964844e+02, 3.231499938964844e+02, 3.231499938964844e+02, 3.231499938964844e+02, 3.231499938964844e+02, 3.231500244140625e+02, 3.2314990234375e+02, 3.231499328613281e+02, 3.231499633789062e+02, 3.231499938964844e+02, 3.231499938964844e+02, 3.231499938964844e+02, 3.231499938964844e+02, 3.231499938964844e+02, 3.231500244140625e+02, 3.231500244140625e+02, 3.231500244140625e+02, 3.231499938964844e+02, 3.231499938964844e+02, 3.231499938964844e+02, 3.231499938964844e+02, 3.231499938964844e+02, 3.231499938964844e+02, 3.231499938964844e+02, 3.231499938964844e+02, 3.231499938964844e+02, 3.231499938964844e+02, 3.231499938964844e+02, 3.231499938964844e+02, 3.231499938964844e+02, 3.231499938964844e+02, 3.231499938964844e+02, 3.231499938964844e+02, 3.231499938964844e+02, 3.231499938964844e+02, 3.231499938964844e+02, 3.231499938964844e+02, 3.231499938964844e+02]
hydraulicBus.TFwrdOutMea=[3.031499938964844e+02, 3.031497802734375e+02, 3.031505126953125e+02, 3.031522827148438e+02, 3.031547546386719e+02, 3.031576232910156e+02, 3.031607666015625e+02, 3.031640319824219e+02, 3.031673889160156e+02, 3.031707763671875e+02, 3.031742248535156e+02, 3.031776428222656e+02, 3.031811218261719e+02, 3.031845703125e+02, 3.031880493164062e+02, 3.031914978027344e+02, 3.031949768066406e+02, 3.031984252929688e+02, 3.03201904296875e+02, 3.032053527832031e+02, 3.032088317871094e+02, 3.032122802734375e+02, 3.032157287597656e+02, 3.032192077636719e+02, 3.0322265625e+02, 3.032261047363281e+02, 3.032294921875e+02, 3.032328186035156e+02, 3.032361145019531e+02, 3.032393798828125e+02, 3.032426147460938e+02, 3.032457885742188e+02, 3.032489318847656e+02, 3.032520141601562e+02, 3.032550659179688e+02, 3.032580261230469e+02, 3.032609252929688e+02, 3.032637634277344e+02, 3.032665100097656e+02, 3.032691650390625e+02, 3.032717590332031e+02, 3.032743225097656e+02, 3.0327685546875e+02, 3.032794799804688e+02, 3.032822265625e+02, 3.032853393554688e+02, 3.032890014648438e+02, 3.032935791015625e+02, 3.032995300292969e+02, 3.03307373046875e+02, 3.033177795410156e+02, 3.0333154296875e+02, 3.033496398925781e+02, 3.033731079101562e+02, 3.034032592773438e+02, 3.034415588378906e+02, 3.034896545410156e+02, 3.035494689941406e+02, 3.036229553222656e+02, 3.037124328613281e+02, 3.038202209472656e+02, 3.039488830566406e+02, 3.041009826660156e+02, 3.042791442871094e+02, 3.044859924316406e+02, 3.047239990234375e+02, 3.049954528808594e+02, 3.053024291992188e+02, 3.056465454101562e+02, 3.060290222167969e+02, 3.064505310058594e+02, 3.069111633300781e+02, 3.074102478027344e+02, 3.079465026855469e+02, 3.085179138183594e+02, 3.091216735839844e+02, 3.097542724609375e+02, 3.104116516113281e+02, 3.110891723632812e+02, 3.1178173828125e+02, 3.124840393066406e+02, 3.131904907226562e+02, 3.138955078125e+02, 3.145935974121094e+02, 3.152795104980469e+02, 3.159483032226562e+02, 3.165953369140625e+02, 3.172150268554688e+02, 3.178009033203125e+02, 3.183478698730469e+02, 3.188526916503906e+02, 3.193142700195312e+02, 3.197330322265625e+02, 3.201105651855469e+02, 3.204492797851562e+02, 3.207520141601562e+02, 3.210218200683594e+02, 3.212617492675781e+02, 3.214747009277344e+02, 3.216635131835938e+02, 3.218307495117188e+02]
hydraulicBus.TRtrnInMea=[3.031499938964844e+02, 3.031497802734375e+02, 3.031505126953125e+02, 3.031522827148438e+02, 3.031547546386719e+02, 3.031576232910156e+02, 3.031607666015625e+02, 3.031640319824219e+02, 3.031673889160156e+02, 3.031707763671875e+02, 3.031742248535156e+02, 3.031776428222656e+02, 3.031811218261719e+02, 3.031845703125e+02, 3.031880493164062e+02, 3.031914978027344e+02, 3.031949768066406e+02, 3.031984252929688e+02, 3.03201904296875e+02, 3.032053527832031e+02, 3.032088317871094e+02, 3.032122802734375e+02, 3.032157287597656e+02, 3.032192077636719e+02, 3.0322265625e+02, 3.032261047363281e+02, 3.032294921875e+02, 3.032328186035156e+02, 3.032361145019531e+02, 3.032393798828125e+02, 3.032426147460938e+02, 3.032457885742188e+02, 3.032489318847656e+02, 3.032520141601562e+02, 3.032550659179688e+02, 3.032580261230469e+02, 3.032609252929688e+02, 3.032637634277344e+02, 3.032665100097656e+02, 3.032691650390625e+02, 3.032717590332031e+02, 3.032743225097656e+02, 3.0327685546875e+02, 3.032794799804688e+02, 3.032822265625e+02, 3.032853393554688e+02, 3.032890014648438e+02, 3.032935791015625e+02, 3.032995300292969e+02, 3.03307373046875e+02, 3.033177795410156e+02, 3.0333154296875e+02, 3.033496398925781e+02, 3.033731079101562e+02, 3.034032592773438e+02, 3.034415588378906e+02, 3.034896545410156e+02, 3.035494689941406e+02, 3.036229553222656e+02, 3.037124328613281e+02, 3.038202209472656e+02, 3.039488830566406e+02, 3.041009826660156e+02, 3.042791442871094e+02, 3.044859924316406e+02, 3.047239990234375e+02, 3.049954528808594e+02, 3.053024291992188e+02, 3.056465454101562e+02, 3.060290222167969e+02, 3.064505310058594e+02, 3.069111633300781e+02, 3.074102478027344e+02, 3.079465026855469e+02, 3.085179138183594e+02, 3.091216735839844e+02, 3.097542724609375e+02, 3.104116516113281e+02, 3.110891723632812e+02, 3.1178173828125e+02, 3.124840393066406e+02, 3.131904907226562e+02, 3.138955078125e+02, 3.145935974121094e+02, 3.152795104980469e+02, 3.159483032226562e+02, 3.165953369140625e+02, 3.172150268554688e+02, 3.178009033203125e+02, 3.183478698730469e+02, 3.188526916503906e+02, 3.193142700195312e+02, 3.197330322265625e+02, 3.201105651855469e+02, 3.204492797851562e+02, 3.207520141601562e+02, 3.210218200683594e+02, 3.212617492675781e+02, 3.214747009277344e+02, 3.216635131835938e+02, 3.218307495117188e+02]
hydraulicBus.TRtrnOutMea=[3.031499938964844e+02, 3.03147705078125e+02, 3.031426086425781e+02, 3.031361694335938e+02, 3.031290588378906e+02, 3.031215209960938e+02, 3.031137390136719e+02, 3.031058654785156e+02, 3.030978698730469e+02, 3.030898742675781e+02, 3.030818176269531e+02, 3.030737915039062e+02, 3.030657348632812e+02, 3.030577087402344e+02, 3.030496520996094e+02, 3.030416259765625e+02, 3.030335998535156e+02, 3.030256042480469e+02, 3.030176391601562e+02, 3.030096740722656e+02, 3.030016784667969e+02, 3.029937133789062e+02, 3.029857482910156e+02, 3.029779968261719e+02, 3.029829406738281e+02, 3.029976501464844e+02, 3.030189514160156e+02, 3.030358581542969e+02, 3.030462036132812e+02, 3.030514831542969e+02, 3.030534057617188e+02, 3.030533447265625e+02, 3.030520629882812e+02, 3.030501098632812e+02, 3.030477905273438e+02, 3.030452880859375e+02, 3.030426635742188e+02, 3.030400085449219e+02, 3.030373229980469e+02, 3.030346984863281e+02, 3.030320739746094e+02, 3.03029541015625e+02, 3.03027099609375e+02, 3.030247802734375e+02, 3.030226135253906e+02, 3.030206909179688e+02, 3.030190734863281e+02, 3.03017822265625e+02, 3.030170593261719e+02, 3.030167846679688e+02, 3.030171508789062e+02, 3.030181884765625e+02, 3.030199584960938e+02, 3.030226135253906e+02, 3.030262756347656e+02, 3.030310363769531e+02, 3.030371704101562e+02, 3.030448913574219e+02, 3.030546264648438e+02, 3.030668334960938e+02, 3.030821228027344e+02, 3.031013793945312e+02, 3.031257019042969e+02, 3.031564331054688e+02, 3.031954040527344e+02, 3.032446899414062e+02, 3.033070068359375e+02, 3.033854675292969e+02, 3.034836730957031e+02, 3.036058654785156e+02, 3.03756591796875e+02, 3.039408264160156e+02, 3.04163818359375e+02, 3.044307250976562e+02, 3.0474658203125e+02, 3.05115966796875e+02, 3.055425415039062e+02, 3.060288696289062e+02, 3.06576171875e+02, 3.07183837890625e+02, 3.078495483398438e+02, 3.085690307617188e+02, 3.093360595703125e+02, 3.101427307128906e+02, 3.109797973632812e+02, 3.118369140625e+02, 3.12702880859375e+02, 3.135643920898438e+02, 3.144065856933594e+02, 3.152161865234375e+02, 3.159830322265625e+02, 3.167001953125e+02, 3.173638000488281e+02, 3.179723815917969e+02, 3.185264282226562e+02, 3.190277709960938e+02, 3.194791870117188e+02, 3.198840026855469e+02, 3.20245849609375e+02, 3.205684814453125e+02, 3.208555297851562e+02]
hydraulicBus.VFlowInMea=[-3.60595193623181e-17, 2.484654482159954e-09, 3.147248461843333e-09, 3.23590376716254e-09, 3.247093705027737e-09, 3.248500135555332e-09, 3.248672220124149e-09, 3.248701307967394e-09, 3.248701307967394e-09, 3.248709301573172e-09, 3.248706414993308e-09, 3.248707525216332e-09, 3.248708635439357e-09, 3.248708191350147e-09, 3.248707969305542e-09, 3.248707969305542e-09, 3.248707969305542e-09, 3.248707969305542e-09, 3.248707969305542e-09, 3.248707969305542e-09, 3.248707969305542e-09, 3.248707969305542e-09, 3.248707747260937e-09, 1.648085046213055e-08, 4.033050515772629e-07, 1.377414605485683e-06, 1.553674678689276e-06, 1.704996066109743e-06, 1.888656242954313e-06, 2.106016836478374e-06, 2.359353857173119e-06, 2.65169978774793e-06, 2.98674899568141e-06, 3.368799525560462e-06, 3.802697847277159e-06, 4.293771780794486e-06, 4.847731815971201e-06, 5.470522410178091e-06, 6.168069830891909e-06, 6.945932000235189e-06, 7.808790542185307e-06, 8.759719094086904e-06, 9.79921969701536e-06, 1.092395268642576e-05, 1.212525421578903e-05, 1.338756919722073e-05, 1.468732625653502e-05, 1.59934952534968e-05, 1.727247581584379e-05, 1.850301669037435e-05, 1.971259735000785e-05, 2.098209370160475e-05, 2.233078521385323e-05, 2.376331940467935e-05, 2.528459845052566e-05, 2.689977736736183e-05, 2.8614274924621e-05, 3.043379365408326e-05, 3.236431803088634e-05, 3.441212902544066e-05, 3.658380956039764e-05, 3.888626451953314e-05, 4.132670801482163e-05, 4.391267793835141e-05, 4.66520432382822e-05, 4.955299664288759e-05, 5.262405829853378e-05, 5.587408304563724e-05, 5.931223131483421e-05, 6.294756167335436e-05, 6.6788648837246e-05, 7.084384560585022e-05, 7.512116280850023e-05, 7.962813106132671e-05, 8.4371589764487e-05, 8.935747609939426e-05, 9.459055581828579e-05, 1.00074139481876e-04, 1.058097768691368e-04, 1.117968713515438e-04, 1.180323306471109e-04, 1.245101448148489e-04, 1.312210515607148e-04, 1.381520560244098e-04, 1.452861761208624e-04, 1.526021369500086e-04, 1.589460152899846e-04, 1.635455992072821e-04, 1.668648765189573e-04, 1.692530495347455e-04, 1.709678181214258e-04, 1.721979933790863e-04, 1.730798103380948e-04, 1.737117563607171e-04, 1.741644664434716e-04, 1.74488581251353e-04, 1.747206406434998e-04, 1.748867653077468e-04, 1.750057708704844e-04, 1.750909577822313e-04, 1.751519012032077e-04]
hydraulicBus.VFlowOutMea=[-7.180962209713854e-19, 1.292280154302716e-03, 1.454418292269111e-03, 1.474760938435793e-03, 1.477308571338654e-03, 1.477628597058356e-03, 1.477667596191168e-03, 1.477674231864512e-03, 1.477674231864512e-03, 1.477676094509661e-03, 1.47767539601773e-03, 1.477675745263696e-03, 1.477675978094339e-03, 1.477675861679018e-03, 1.477675745263696e-03, 1.477675745263696e-03, 1.477675745263696e-03, 1.477675745263696e-03, 1.477675745263696e-03, 1.477675745263696e-03, 1.477675745263696e-03, 1.477675745263696e-03, 1.477675745263696e-03, 1.477676210924983e-03, 1.477688085287809e-03, 1.477718004025519e-03, 1.477723359130323e-03, 1.477727899327874e-03, 1.477733370848e-03, 1.477740006521344e-03, 1.477747573517263e-03, 1.4777563046664e-03, 1.477766432799399e-03, 1.477777841500938e-03, 1.477790763601661e-03, 1.477805431932211e-03, 1.47782196290791e-03, 1.477840472944081e-03, 1.477861194871366e-03, 1.477884245105088e-03, 1.477909740060568e-03, 1.477937796153128e-03, 1.47796852979809e-03, 1.478001708164811e-03, 1.478036982007325e-03, 1.478074118494987e-03, 1.478112186305225e-03, 1.478150370530784e-03, 1.478187739849091e-03, 1.478223479352891e-03, 1.478258636780083e-03, 1.47829542402178e-03, 1.478334423154593e-03, 1.478375867009163e-03, 1.478419755585492e-03, 1.478466321714222e-03, 1.478515681810677e-03, 1.478568068705499e-03, 1.478623598814011e-03, 1.478682272136211e-03, 1.478744554333389e-03, 1.478810328990221e-03, 1.478879945352674e-03, 1.47895363625139e-03, 1.47903140168637e-03, 1.479113474488258e-03, 1.479200203903019e-03, 1.479291589930654e-03, 1.479387865401804e-03, 1.479489263147116e-03, 1.479595783166587e-03, 1.479707891121507e-03, 1.479825470596552e-03, 1.479948754422367e-03, 1.480077742598951e-03, 1.480212667956948e-03, 1.480353530496359e-03, 1.480500330217183e-03, 1.48065306711942e-03, 1.480811508372426e-03, 1.480975653976202e-03, 1.481145387515426e-03, 1.48132024332881e-03, 1.481499988585711e-03, 1.481684274040163e-03, 1.481872634030879e-03, 1.482035615481436e-03, 1.482153544202447e-03, 1.482238527387381e-03, 1.48229964543134e-03, 1.48234365042299e-03, 1.482375082559884e-03, 1.482397667132318e-03, 1.482413848862052e-03, 1.482425490394235e-03, 1.482433755882084e-03, 1.482439693063498e-03, 1.482444000430405e-03, 1.482447027228773e-03, 1.482449239119887e-03, 1.482450752519071e-03]
