last-generated=2021-04-28
statistics-simulation=
{
  "linear": " ",
  "nonlinear": " ",
  "number of continuous time states": "7",
  "numerical Jacobians": "0"
}
time=[0e+00, 7.2e+03]
cra.v=[0e+00, 0e+00, 0e+00, 0e+00, 0e+00, 0e+00, 0e+00, 0e+00, 0e+00, 0e+00, 0e+00, 0e+00, 0e+00, 0e+00, 0e+00, 0e+00, 0e+00, 0e+00, 0e+00, 0e+00, 0e+00, 0e+00, 0e+00, 0e+00, 0e+00, 0e+00, 4.164132475852966e-02, 8.330257236957563e-02, 1.249507367610933e-01, 1.666205376386642e-01, 2.083443105220795e-01, 2.498436719179153e-01, 2.916007339954376e-01, 3.332605957984924e-01, 3.749310672283173e-01, 4.165771007537842e-01, 4.582672715187073e-01, 4.998772144317627e-01, 5.415874719619751e-01, 5.831616520881653e-01, 6.25101625919342e-01, 6.664566397666931e-01, 7.079267501831055e-01, 7.50080943107605e-01, 7.915491461753845e-01, 8.332170844078064e-01, 8.74881386756897e-01, 9.16545033454895e-01, 9.582086801528931e-01, 9.998723864555359e-01, 1.041534781455994e+00, 1.083198547363281e+00, 1.124863862991333e+00, 1.166527152061462e+00, 1.208190441131592e+00, 1.249857187271118e+00, 1.291517972946167e+00, 1.33318018913269e+00, 1.374852538108826e+00, 1.416503667831421e+00, 1.45818042755127e+00, 1.4998539686203e+00, 1.541468620300293e+00, 1.583289623260498e+00, 1.624714374542236e+00, 1.666430950164795e+00, 1.708063244819641e+00, 1.749844312667847e+00, 1.791942596435547e+00, 1.83313524723053e+00, 1.874815583229065e+00, 1.916488289833069e+00, 1.958148121833801e+00, 1.999817371368408e+00, 2.041476726531982e+00, 2.083144664764404e+00, 2.083333253860474e+00, 2.083333253860474e+00, 2.083333253860474e+00, 2.083333253860474e+00, 2.083333253860474e+00, 2.083333253860474e+00, 2.083333253860474e+00, 2.083333253860474e+00, 2.083333253860474e+00, 2.083333253860474e+00, 2.083333253860474e+00, 2.083333253860474e+00, 2.083333253860474e+00, 2.083333253860474e+00, 2.083333253860474e+00, 2.083333253860474e+00, 2.083333253860474e+00, 2.083333253860474e+00, 2.083333253860474e+00, 2.083333253860474e+00, 2.083333253860474e+00, 2.083333253860474e+00, 2.083333253860474e+00, 2.083333253860474e+00, 2.083333253860474e+00]
cra.m_flow=[0e+00, 0e+00, 0e+00, 0e+00, 0e+00, 0e+00, 0e+00, 0e+00, 0e+00, 0e+00, 0e+00, 0e+00, 0e+00, 0e+00, 0e+00, 0e+00, 0e+00, 0e+00, 0e+00, 0e+00, 0e+00, 0e+00, 0e+00, 0e+00, 0e+00, 0e+00, 9.993917774409056e-05, 1.999261876335371e-04, 2.9988176538609e-04, 3.998893080279231e-04, 5.000263336114585e-04, 5.996248219162226e-04, 6.998417666181922e-04, 7.998254732228816e-04, 8.998345583677292e-04, 9.99785028398037e-04, 1.099841436371207e-03, 1.199705293402076e-03, 1.299809897318482e-03, 1.399587956257164e-03, 1.500244019553065e-03, 1.599495997652411e-03, 1.699024112895131e-03, 1.800194382667542e-03, 1.89971795771271e-03, 1.999720931053162e-03, 2.09971540607512e-03, 2.199708018451929e-03, 2.299700863659382e-03, 2.399693708866835e-03, 2.49968352727592e-03, 2.599676605314016e-03, 2.699673408642411e-03, 2.799665322527289e-03, 2.899657236412168e-03, 2.999657299369574e-03, 3.099642926827074e-03, 3.199632512405515e-03, 3.299646079540253e-03, 3.399608889594674e-03, 3.499632934108377e-03, 3.599649528041482e-03, 3.699524560943246e-03, 3.799895057454705e-03, 3.899314440786839e-03, 3.999434411525726e-03, 4.099351819604635e-03, 4.199626389890909e-03, 4.300662316381931e-03, 4.399524535983801e-03, 4.499557428061962e-03, 4.599571693688631e-03, 4.699555225670338e-03, 4.799561575055122e-03, 4.899544175714254e-03, 4.999547265470028e-03, 4.999999888241291e-03, 4.999999888241291e-03, 4.999999888241291e-03, 4.999999888241291e-03, 4.999999888241291e-03, 4.999999888241291e-03, 4.999999888241291e-03, 4.999999888241291e-03, 4.999999888241291e-03, 4.999999888241291e-03, 4.999999888241291e-03, 4.999999888241291e-03, 4.999999888241291e-03, 4.999999888241291e-03, 4.999999888241291e-03, 4.999999888241291e-03, 4.999999888241291e-03, 4.999999888241291e-03, 4.999999888241291e-03, 4.999999888241291e-03, 4.999999888241291e-03, 4.999999888241291e-03, 4.999999888241291e-03, 4.999999888241291e-03, 4.999999888241291e-03]
