last-generated=2021-04-28
statistics-initialization=
{
  "nonlinear": "2",
  "numerical Jacobians": "0"
}
statistics-simulation=
{
  "linear": "0",
  "nonlinear": "1, 0",
  "number of continuous time states": "5",
  "numerical Jacobians": "0"
}
time=[0e+00, 2.16e+04]
tan.vol[1].T=[3.531499938964844e+02, 3.531499328613281e+02, 3.531498107910156e+02, 3.531495666503906e+02, 3.531493225097656e+02, 3.5314892578125e+02, 3.531484375e+02, 3.531478271484375e+02, 3.531471252441406e+02, 3.531463317871094e+02, 3.531454772949219e+02, 3.5314453125e+02, 3.531435546875e+02, 3.528422241210938e+02, 3.502420349121094e+02, 3.459776000976562e+02, 3.409081726074219e+02, 3.355872497558594e+02, 3.303605651855469e+02, 3.254328918457031e+02, 3.209150390625e+02, 3.169039001464844e+02, 3.136268005371094e+02, 3.114612121582031e+02, 3.104439086914062e+02, 3.104219055175781e+02, 3.119326477050781e+02, 3.133432006835938e+02, 3.146565856933594e+02, 3.158937683105469e+02, 3.170591430664062e+02, 3.18156982421875e+02, 3.191911926269531e+02, 3.201654663085938e+02, 3.210833129882812e+02, 3.21947998046875e+02, 3.227626342773438e+02, 3.232932434082031e+02, 3.233074645996094e+02, 3.233090209960938e+02, 3.233091430664062e+02, 3.233089904785156e+02, 3.233087463378906e+02, 3.233084411621094e+02, 3.232620849609375e+02, 3.226122436523438e+02, 3.213938903808594e+02, 3.198807373046875e+02, 3.184190368652344e+02, 3.183731384277344e+02, 3.183725280761719e+02, 3.183722229003906e+02, 3.188128356933594e+02, 3.198089599609375e+02, 3.207475891113281e+02, 3.216317443847656e+02, 3.224646911621094e+02, 3.232414855957031e+02, 3.233051452636719e+02, 3.233087768554688e+02, 3.233091430664062e+02, 3.2330908203125e+02, 3.233087158203125e+02, 3.233086547851562e+02, 3.233078308105469e+02, 3.229339904785156e+02, 3.21898193359375e+02, 3.204576416015625e+02, 3.189386901855469e+02, 3.183743896484375e+02, 3.183736267089844e+02, 3.183731994628906e+02, 3.184361877441406e+02, 3.194456176757812e+02, 3.204052124023438e+02, 3.213091735839844e+02, 3.221608276367188e+02, 3.229631652832031e+02, 3.233003540039062e+02, 3.233082885742188e+02, 3.2330908203125e+02, 3.233091125488281e+02, 3.233089599609375e+02, 3.2330859375e+02, 3.233083801269531e+02, 3.231639709472656e+02, 3.223450012207031e+02, 3.21022705078125e+02, 3.194897155761719e+02, 3.183739624023438e+02, 3.183730773925781e+02, 3.1837255859375e+02, 3.18372314453125e+02, 3.190731201171875e+02, 3.200542907714844e+02, 3.209786376953125e+02, 3.218493957519531e+02, 3.226697692871094e+02, 3.232870483398438e+02, 3.233068542480469e+02, 3.233089294433594e+02]
tan.vol[3].T=[3.531499938964844e+02, 3.531499328613281e+02, 3.531497802734375e+02, 3.531495666503906e+02, 3.529440307617188e+02, 3.504615173339844e+02, 3.461161193847656e+02, 3.408144836425781e+02, 3.351772155761719e+02, 3.296112060546875e+02, 3.243669128417969e+02, 3.195845947265625e+02, 3.153274841308594e+02, 3.116076965332031e+02, 3.084042663574219e+02, 3.056790466308594e+02, 3.033844299316406e+02, 3.014692687988281e+02, 2.998828125e+02, 2.985772705078125e+02, 2.976573486328125e+02, 3.007713012695312e+02, 3.041611938476562e+02, 3.065025024414062e+02, 3.08666015625e+02, 3.10622802734375e+02, 3.121297302246094e+02, 3.135342407226562e+02, 3.148419799804688e+02, 3.160736999511719e+02, 3.172337951660156e+02, 3.183264770507812e+02, 3.193556823730469e+02, 3.203251342773438e+02, 3.2123828125e+02, 3.220984191894531e+02, 3.229086608886719e+02, 3.233232421875e+02, 3.233167724609375e+02, 3.228295593261719e+02, 3.215329895019531e+02, 3.196270141601562e+02, 3.173282775878906e+02, 3.148311157226562e+02, 3.122911682128906e+02, 3.098651733398438e+02, 3.086433410644531e+02, 3.104033203125e+02, 3.128718872070312e+02, 3.148131713867188e+02, 3.163466491699219e+02, 3.177693786621094e+02, 3.189792175292969e+02, 3.199705505371094e+02, 3.20904296875e+02, 3.217838439941406e+02, 3.226123352050781e+02, 3.233422241210938e+02, 3.233189697265625e+02, 3.231143188476562e+02, 3.220993041992188e+02, 3.203951416015625e+02, 3.1821826171875e+02, 3.157748107910156e+02, 3.132344970703125e+02, 3.107318725585938e+02, 3.088948974609375e+02, 3.094195251464844e+02, 3.119822387695312e+02, 3.142130737304688e+02, 3.157896118164062e+02, 3.172525939941406e+02, 3.185939331054688e+02, 3.1960888671875e+02, 3.205636596679688e+02, 3.214629821777344e+02, 3.223100891113281e+02, 3.231080627441406e+02, 3.233204040527344e+02, 3.232774353027344e+02, 3.225681762695312e+02, 3.210954284667969e+02, 3.190692443847656e+02, 3.167026672363281e+02, 3.141813659667969e+02, 3.116503295898438e+02, 3.093781127929688e+02, 3.085882873535156e+02, 3.110581665039062e+02, 3.134582214355469e+02, 3.152161254882812e+02, 3.16720458984375e+02, 3.181161804199219e+02, 3.192382507324219e+02, 3.202145385742188e+02, 3.211341552734375e+02, 3.220003662109375e+02, 3.228162841796875e+02, 3.233255920410156e+02, 3.233179016113281e+02, 3.229316101074219e+02]
tan.vol[5].T=[3.531499938964844e+02, 3.375415344238281e+02, 3.259969787597656e+02, 3.17457763671875e+02, 3.111409912109375e+02, 3.064672546386719e+02, 3.030086364746094e+02, 3.004489135742188e+02, 2.985543212890625e+02, 2.971519470214844e+02, 2.961139221191406e+02, 2.953454895019531e+02, 2.947765808105469e+02, 2.943554077148438e+02, 2.9404345703125e+02, 2.938124084472656e+02, 2.936412353515625e+02, 2.93514404296875e+02, 2.9342041015625e+02, 2.933507385253906e+02, 2.970241394042969e+02, 3.010793762207031e+02, 3.044541320800781e+02, 3.068205261230469e+02, 3.0897216796875e+02, 3.109342956542969e+02, 3.124331359863281e+02, 3.138291931152344e+02, 3.151282348632812e+02, 3.163515319824219e+02, 3.175034484863281e+02, 3.185881958007812e+02, 3.196096801757812e+02, 3.205716552734375e+02, 3.214775695800781e+02, 3.223306579589844e+02, 3.23134033203125e+02, 3.197991027832031e+02, 3.128675231933594e+02, 3.0773974609375e+02, 3.039465942382812e+02, 3.011402282714844e+02, 2.990638732910156e+02, 2.975274047851562e+02, 2.963904418945312e+02, 3.027925109863281e+02, 3.074775695800781e+02, 3.106660461425781e+02, 3.131215515136719e+02, 3.15083251953125e+02, 3.166068115234375e+02, 3.180199890136719e+02, 3.192360229492188e+02, 3.202198181152344e+02, 3.21146240234375e+02, 3.220186767578125e+02, 3.228402709960938e+02, 3.229657897949219e+02, 3.152098083496094e+02, 3.094726867675781e+02, 3.052285461425781e+02, 3.020885925292969e+02, 2.997654418945312e+02, 2.980465087890625e+02, 2.967745666503906e+02, 2.989693603515625e+02, 3.058161926269531e+02, 3.096871337890625e+02, 3.122366333007812e+02, 3.144856567382812e+02, 3.160534362792969e+02, 3.175067138671875e+02, 3.188482055664062e+02, 3.198609619140625e+02, 3.208083190917969e+02, 3.21700439453125e+02, 3.225405578613281e+02, 3.233317260742188e+02, 3.178242797851562e+02, 3.114067687988281e+02, 3.066592102050781e+02, 3.031470336914062e+02, 3.005485229492188e+02, 2.986259155273438e+02, 2.972033081054688e+02, 2.961505737304688e+02, 3.040585327148438e+02, 3.085653991699219e+02, 3.113174133300781e+02, 3.137052001953125e+02, 3.15483642578125e+02, 3.169781494140625e+02, 3.183644104003906e+02, 3.194931335449219e+02, 3.204619140625e+02, 3.21374267578125e+02, 3.222333984375e+02, 3.230424499511719e+02, 3.207557373046875e+02, 3.135752868652344e+02, 3.08263427734375e+02]
senTem.T=[3.531499938964844e+02, 3.375415649414062e+02, 3.259970397949219e+02, 3.174578247070312e+02, 3.529439697265625e+02, 3.504614868164062e+02, 3.461160583496094e+02, 3.40814453125e+02, 3.351771850585938e+02, 3.296112060546875e+02, 3.243669128417969e+02, 3.195845947265625e+02, 3.153274841308594e+02, 3.528421020507812e+02, 3.50241943359375e+02, 3.459774780273438e+02, 3.409080810546875e+02, 3.35587158203125e+02, 3.303605041503906e+02, 3.254328308105469e+02, 3.209149780273438e+02, 3.169038696289062e+02, 3.136267700195312e+02, 3.114612121582031e+02, 3.104439086914062e+02, 3.104219055175781e+02, 3.119326477050781e+02, 3.138291931152344e+02, 3.151282348632812e+02, 3.163515319824219e+02, 3.175034484863281e+02, 3.185881652832031e+02, 3.196096801757812e+02, 3.205716552734375e+02, 3.214775695800781e+02, 3.223306579589844e+02, 3.23134033203125e+02, 3.197991333007812e+02, 3.233167419433594e+02, 3.228295593261719e+02, 3.21532958984375e+02, 3.196269836425781e+02, 3.173282775878906e+02, 3.148311157226562e+02, 3.232620544433594e+02, 3.226122131347656e+02, 3.213938598632812e+02, 3.198807067871094e+02, 3.184190368652344e+02, 3.15083251953125e+02, 3.166068115234375e+02, 3.180199890136719e+02, 3.192360229492188e+02, 3.202198181152344e+02, 3.21146240234375e+02, 3.220186767578125e+02, 3.228402709960938e+02, 3.229658203125001e+02, 3.152098388671875e+02, 3.231143188476562e+02, 3.220993041992188e+02, 3.203951110839844e+02, 3.182182312011719e+02, 3.157747802734375e+02, 3.132344665527344e+02, 3.229339294433594e+02, 3.218981628417969e+02, 3.204576416015625e+02, 3.189386596679688e+02, 3.144856567382812e+02, 3.160534362792969e+02, 3.175067138671875e+02, 3.188482055664062e+02, 3.198609619140625e+02, 3.208083190917969e+02, 3.21700439453125e+02, 3.225405578613281e+02, 3.233317260742188e+02, 3.178242797851562e+02, 3.232774353027344e+02, 3.225681457519531e+02, 3.210954284667969e+02, 3.190692443847656e+02, 3.1670263671875e+02, 3.141813659667969e+02, 3.231639099121094e+02, 3.22344970703125e+02, 3.210226745605469e+02, 3.194896850585938e+02, 3.137052001953125e+02, 3.15483642578125e+02, 3.169781494140625e+02, 3.183644104003906e+02, 3.194931335449219e+02, 3.204619140625e+02, 3.21374267578125e+02, 3.222333984375e+02, 3.230424499511719e+02, 3.207557373046875e+02, 3.135753173828125e+02, 3.229315795898438e+02]
yBot.u=[1e+00, 1e+00, 1e+00, 1e+00, 0e+00, 0e+00, 0e+00, 0e+00, 0e+00, 0e+00, 0e+00, 0e+00, 0e+00, 0e+00, 0e+00, 0e+00, 0e+00, 0e+00, 0e+00, 0e+00, 0e+00, 0e+00, 0e+00, 0e+00, 0e+00, 0e+00, 0e+00, 1e+00, 1e+00, 1e+00, 1e+00, 1e+00, 1e+00, 1e+00, 1e+00, 1e+00, 1e+00, 1e+00, 0e+00, 0e+00, 0e+00, 0e+00, 0e+00, 0e+00, 0e+00, 0e+00, 0e+00, 0e+00, 0e+00, 1e+00, 1e+00, 1e+00, 1e+00, 1e+00, 1e+00, 1e+00, 1e+00, 1e+00, 1e+00, 0e+00, 0e+00, 0e+00, 0e+00, 0e+00, 0e+00, 0e+00, 0e+00, 0e+00, 0e+00, 1e+00, 1e+00, 1e+00, 1e+00, 1e+00, 1e+00, 1e+00, 1e+00, 1e+00, 1e+00, 0e+00, 0e+00, 0e+00, 0e+00, 0e+00, 0e+00, 0e+00, 0e+00, 0e+00, 0e+00, 1e+00, 1e+00, 1e+00, 1e+00, 1e+00, 1e+00, 1e+00, 1e+00, 1e+00, 1e+00, 1e+00, 0e+00]
yMid.u=[0e+00, 0e+00, 0e+00, 0e+00, 1e+00, 1e+00, 1e+00, 1e+00, 1e+00, 1e+00, 1e+00, 1e+00, 1e+00, 0e+00, 0e+00, 0e+00, 0e+00, 0e+00, 0e+00, 0e+00, 0e+00, 0e+00, 0e+00, 0e+00, 0e+00, 0e+00, 0e+00, 0e+00, 0e+00, 0e+00, 0e+00, 0e+00, 0e+00, 0e+00, 0e+00, 0e+00, 0e+00, 0e+00, 1e+00, 1e+00, 1e+00, 1e+00, 1e+00, 1e+00, 0e+00, 0e+00, 0e+00, 0e+00, 0e+00, 0e+00, 0e+00, 0e+00, 0e+00, 0e+00, 0e+00, 0e+00, 0e+00, 0e+00, 0e+00, 1e+00, 1e+00, 1e+00, 1e+00, 1e+00, 1e+00, 0e+00, 0e+00, 0e+00, 0e+00, 0e+00, 0e+00, 0e+00, 0e+00, 0e+00, 0e+00, 0e+00, 0e+00, 0e+00, 0e+00, 1e+00, 1e+00, 1e+00, 1e+00, 1e+00, 1e+00, 0e+00, 0e+00, 0e+00, 0e+00, 0e+00, 0e+00, 0e+00, 0e+00, 0e+00, 0e+00, 0e+00, 0e+00, 0e+00, 0e+00, 0e+00, 1e+00]
yTop.u=[0e+00, 0e+00, 0e+00, 0e+00, 0e+00, 0e+00, 0e+00, 0e+00, 0e+00, 0e+00, 0e+00, 0e+00, 0e+00, 1e+00, 1e+00, 1e+00, 1e+00, 1e+00, 1e+00, 1e+00, 1e+00, 1e+00, 1e+00, 1e+00, 1e+00, 1e+00, 1e+00, 0e+00, 0e+00, 0e+00, 0e+00, 0e+00, 0e+00, 0e+00, 0e+00, 0e+00, 0e+00, 0e+00, 0e+00, 0e+00, 0e+00, 0e+00, 0e+00, 0e+00, 1e+00, 1e+00, 1e+00, 1e+00, 1e+00, 0e+00, 0e+00, 0e+00, 0e+00, 0e+00, 0e+00, 0e+00, 0e+00, 0e+00, 0e+00, 0e+00, 0e+00, 0e+00, 0e+00, 0e+00, 0e+00, 1e+00, 1e+00, 1e+00, 1e+00, 0e+00, 0e+00, 0e+00, 0e+00, 0e+00, 0e+00, 0e+00, 0e+00, 0e+00, 0e+00, 0e+00, 0e+00, 0e+00, 0e+00, 0e+00, 0e+00, 1e+00, 1e+00, 1e+00, 1e+00, 0e+00, 0e+00, 0e+00, 0e+00, 0e+00, 0e+00, 0e+00, 0e+00, 0e+00, 0e+00, 0e+00, 0e+00]
yHea.u=[1e+00, 1e+00, 1e+00, 1e+00, 1e+00, 1e+00, 1e+00, 1e+00, 1e+00, 1e+00, 1e+00, 1e+00, 1e+00, 1e+00, 1e+00, 1e+00, 1e+00, 1e+00, 1e+00, 1e+00, 0e+00, 0e+00, 0e+00, 0e+00, 0e+00, 0e+00, 0e+00, 0e+00, 0e+00, 0e+00, 0e+00, 0e+00, 0e+00, 0e+00, 0e+00, 0e+00, 0e+00, 1e+00, 1e+00, 1e+00, 1e+00, 1e+00, 1e+00, 1e+00, 1e+00, 0e+00, 0e+00, 0e+00, 0e+00, 0e+00, 0e+00, 0e+00, 0e+00, 0e+00, 0e+00, 0e+00, 0e+00, 9.999999999998701e-01, 1e+00, 1e+00, 1e+00, 1e+00, 1e+00, 1e+00, 1e+00, 0e+00, 0e+00, 0e+00, 0e+00, 0e+00, 0e+00, 0e+00, 0e+00, 0e+00, 0e+00, 0e+00, 0e+00, 0e+00, 1e+00, 1e+00, 1e+00, 1e+00, 1e+00, 1e+00, 1e+00, 1e+00, 0e+00, 0e+00, 0e+00, 0e+00, 0e+00, 0e+00, 0e+00, 0e+00, 0e+00, 0e+00, 0e+00, 0e+00, 1e+00, 1e+00, 1e+00]
