last-generated=2021-04-28
statistics-simulation=
{
  "linear": " ",
  "nonlinear": " ",
  "numerical Jacobians": "0"
}
time=[0e+00, 8.64e+06]
cheGloRad.HOut=[9.999999747378752e-05, 9.999999747378752e-05, 9.999999747378752e-05, 9.999999747378752e-05, 9.999999747378752e-05, 9.999999747378752e-05, 9.999999747378752e-05, 9.999999747378752e-05, 9.999999747378752e-05, 9.999999747378752e-05, 9.999999747378752e-05, 9.999999747378752e-05, 9.999999747378752e-05, 9.999999747378752e-05, 9.999999747378752e-05, 9.999999747378752e-05, 9.999999747378752e-05, 9.999999747378752e-05, 9.999999747378752e-05, 9.999999747378752e-05, 9.999999747378752e-05, 9.999999747378752e-05, 9.999999747378752e-05, 9.999999747378752e-05, 9.999999747378752e-05, 9.999999747378752e-05, 9.999999747378752e-05, 9.999999747378752e-05, 9.999999747378752e-05, 9.999999747378752e-05, 9.999999747378752e-05, 9.999999747378752e-05, 9.999999747378752e-05, 9.999999747378752e-05, 9.999999747378752e-05, 9.999999747378752e-05, 9.999999747378752e-05, 9.999999747378752e-05, 9.999999747378752e-05, 9.999999747378752e-05, 9.999999747378752e-05, 9.999999747378752e-05, 9.999999747378752e-05, 9.999999747378752e-05, 9.999999747378752e-05, 9.999999747378752e-05, 9.999999747378752e-05, 9.999999747378752e-05, 9.999999747378752e-05, 9.999999747378752e-05, 9.999999747378752e-05, 9.999999747378752e-05, 9.999999747378752e-05, 9.999999747378752e-05, 9.999999747378752e-05, 9.999999747378752e-05, 9.999999747378752e-05, 9.999999747378752e-05, 9.999999747378752e-05, 9.999999747378752e-05, 9.999999747378752e-05, 9.999999747378752e-05, 9.999999747378752e-05, 9.999999747378752e-05, 9.999999747378752e-05, 9.999999747378752e-05, 9.999999747378752e-05, 9.999999747378752e-05, 9.999999747378752e-05, 9.999999747378752e-05, 9.999999747378752e-05, 9.999999747378752e-05, 9.999999747378752e-05, 9.999999747378752e-05, 9.999999747378752e-05, 9.999999747378752e-05, 9.999999747378752e-05, 9.999999747378752e-05, 9.999999747378752e-05, 9.999999747378752e-05, 9.999999747378752e-05, 9.999999747378752e-05, 9.999999747378752e-05, 9.999999747378752e-05, 9.999999747378752e-05, 9.999999747378752e-05, 9.999999747378752e-05, 9.999999747378752e-05, 9.999999747378752e-05, 9.999999747378752e-05, 9.999999747378752e-05, 9.999999747378752e-05, 9.999999747378752e-05, 9.999999747378752e-05, 9.999999747378752e-05, 9.999999747378752e-05, 9.999999747378752e-05, 9.999999747378752e-05, 9.999999747378752e-05, 9.999999747378752e-05, 9.999999747378752e-05]
cheDifRad.HOut=[9.999999747378752e-05, 9.999999747378752e-05, 9.999999747378752e-05, 9.999999747378752e-05, 9.999999747378752e-05, 9.999999747378752e-05, 9.999999747378752e-05, 9.999999747378752e-05, 9.999999747378752e-05, 9.999999747378752e-05, 9.999999747378752e-05, 9.999999747378752e-05, 9.999999747378752e-05, 9.999999747378752e-05, 9.999999747378752e-05, 9.999999747378752e-05, 9.999999747378752e-05, 9.999999747378752e-05, 9.999999747378752e-05, 9.999999747378752e-05, 9.999999747378752e-05, 9.999999747378752e-05, 9.999999747378752e-05, 9.999999747378752e-05, 9.999999747378752e-05, 9.999999747378752e-05, 9.999999747378752e-05, 9.999999747378752e-05, 9.999999747378752e-05, 9.999999747378752e-05, 9.999999747378752e-05, 9.999999747378752e-05, 9.999999747378752e-05, 9.999999747378752e-05, 9.999999747378752e-05, 9.999999747378752e-05, 9.999999747378752e-05, 9.999999747378752e-05, 9.999999747378752e-05, 9.999999747378752e-05, 9.999999747378752e-05, 9.999999747378752e-05, 9.999999747378752e-05, 9.999999747378752e-05, 9.999999747378752e-05, 9.999999747378752e-05, 9.999999747378752e-05, 9.999999747378752e-05, 9.999999747378752e-05, 9.999999747378752e-05, 9.999999747378752e-05, 9.999999747378752e-05, 9.999999747378752e-05, 9.999999747378752e-05, 9.999999747378752e-05, 9.999999747378752e-05, 9.999999747378752e-05, 9.999999747378752e-05, 9.999999747378752e-05, 9.999999747378752e-05, 9.999999747378752e-05, 9.999999747378752e-05, 9.999999747378752e-05, 9.999999747378752e-05, 9.999999747378752e-05, 9.999999747378752e-05, 9.999999747378752e-05, 9.999999747378752e-05, 9.999999747378752e-05, 9.999999747378752e-05, 9.999999747378752e-05, 9.999999747378752e-05, 9.999999747378752e-05, 9.999999747378752e-05, 9.999999747378752e-05, 9.999999747378752e-05, 9.999999747378752e-05, 9.999999747378752e-05, 9.999999747378752e-05, 9.999999747378752e-05, 9.999999747378752e-05, 9.999999747378752e-05, 9.999999747378752e-05, 9.999999747378752e-05, 9.999999747378752e-05, 9.999999747378752e-05, 9.999999747378752e-05, 9.999999747378752e-05, 9.999999747378752e-05, 9.999999747378752e-05, 9.999999747378752e-05, 9.999999747378752e-05, 9.999999747378752e-05, 9.999999747378752e-05, 9.999999747378752e-05, 9.999999747378752e-05, 9.999999747378752e-05, 9.999999747378752e-05, 9.999999747378752e-05, 9.999999747378752e-05, 9.999999747378752e-05]
