last-generated=2020-08-19
statistics-initialization=
{
  "nonlinear": "5",
  "numerical Jacobians": "0"
}
statistics-simulation=
{
  "linear": "0, 0, 0, 0, 0",
  "nonlinear": "1",
  "number of continuous time states": "10",
  "numerical Jacobians": "0"
}
time=[0e+00, 3.1536e+07]
zone.T=[2.931499938964844e+02, 2.932986145019531e+02, 2.938195495605469e+02, 2.946536254882812e+02, 2.933469848632812e+02, 2.948510131835938e+02, 2.949565734863281e+02, 2.948141174316406e+02, 2.941946411132812e+02, 2.951498718261719e+02, 2.945299682617188e+02, 2.940125122070312e+02, 2.951308288574219e+02, 2.933596801757812e+02, 2.949378356933594e+02, 2.949985046386719e+02, 2.950545654296875e+02, 2.934602661132812e+02, 2.933508605957031e+02, 2.933689575195312e+02, 2.940606994628906e+02, 2.9381689453125e+02, 2.941665649414062e+02, 2.95110107421875e+02, 2.937218017578125e+02, 2.932659301757812e+02, 2.94993408203125e+02, 2.933594970703125e+02, 2.938836975097656e+02, 2.955365600585938e+02, 2.960242614746094e+02, 2.951149291992188e+02, 2.950508422851562e+02, 2.945025329589844e+02, 2.954200439453125e+02, 2.957054138183594e+02, 2.955552978515625e+02, 2.956878356933594e+02, 2.95537109375e+02, 2.961591186523438e+02, 2.966773986816406e+02, 2.96985107421875e+02, 2.971368103027344e+02, 2.972690734863281e+02, 2.971915283203125e+02, 2.970229187011719e+02, 2.972713623046875e+02, 2.972726745605469e+02, 2.972508239746094e+02, 2.972774658203125e+02, 2.970591430664062e+02, 2.972693176269531e+02, 2.972654418945312e+02, 2.971264038085938e+02, 2.972723083496094e+02, 2.972996215820312e+02, 2.972721557617188e+02, 2.972756652832031e+02, 2.972812194824219e+02, 2.972701416015625e+02, 2.972513122558594e+02, 2.972555847167969e+02, 2.969855651855469e+02, 2.971997985839844e+02, 2.972360534667969e+02, 2.969231262207031e+02, 2.96884033203125e+02, 2.967980041503906e+02, 2.968892211914062e+02, 2.968611145019531e+02, 2.96556396484375e+02, 2.962312622070312e+02, 2.956696472167969e+02, 2.952453002929688e+02, 2.955815734863281e+02, 2.955872497558594e+02, 2.950530090332031e+02, 2.94162109375e+02, 2.94308837890625e+02, 2.943335876464844e+02, 2.93330078125e+02, 2.937826843261719e+02, 2.935926513671875e+02, 2.935029296875e+02, 2.936851196289062e+02, 2.932079772949219e+02, 2.950293579101562e+02, 2.935578002929688e+02, 2.941138000488281e+02, 2.950598754882812e+02, 2.949207153320312e+02, 2.948160095214844e+02, 2.95083251953125e+02, 2.939211120605469e+02, 2.948829345703125e+02, 2.950764770507812e+02, 2.950697937011719e+02, 2.949949340820312e+02, 2.944742431640625e+02, 2.950241394042969e+02, 2.948709716796875e+02]
heaWat.u=[1e+00, 1e+00, 1e+00, 1e+00, 0e+00, 1e+00, 1e+00, 1e+00, 1e+00, 1e+00, 1e+00, 1e+00, 1e+00, 0e+00, 1e+00, 1e+00, 0e+00, 1e+00, 0e+00, 0e+00, 1e+00, 0e+00, 0e+00, 1e+00, 0e+00, 0e+00, 1e+00, 0e+00, 0e+00, 0e+00, 0e+00, 0e+00, 0e+00, 0e+00, 0e+00, 0e+00, 0e+00, 0e+00, 0e+00, 0e+00, 0e+00, 0e+00, 0e+00, 0e+00, 0e+00, 0e+00, 0e+00, 0e+00, 0e+00, 0e+00, 0e+00, 0e+00, 0e+00, 0e+00, 0e+00, 0e+00, 0e+00, 0e+00, 0e+00, 0e+00, 0e+00, 0e+00, 0e+00, 0e+00, 0e+00, 0e+00, 0e+00, 0e+00, 0e+00, 0e+00, 0e+00, 0e+00, 0e+00, 0e+00, 0e+00, 0e+00, 0e+00, 0e+00, 0e+00, 1e+00, 0e+00, 0e+00, 1e+00, 0e+00, 0e+00, 0e+00, 1e+00, 0e+00, 0e+00, 1e+00, 1e+00, 1e+00, 1e+00, 0e+00, 1e+00, 1e+00, 1e+00, 1e+00, 1e+00, 1e+00, 1e+00]
vavDam.y=[1.000000014901161e-01, 1.000000014901161e-01, 1.000000014901161e-01, 1.000000014901161e-01, 1.000000014901161e-01, 1.000000014901161e-01, 1.000000014901161e-01, 1.000000014901161e-01, 1.000000014901161e-01, 1.000000014901161e-01, 1.000000014901161e-01, 1.000000014901161e-01, 1.000000014901161e-01, 1.000000014901161e-01, 1.000000014901161e-01, 1.000000014901161e-01, 1.000000014901161e-01, 1.000000014901161e-01, 1.000000014901161e-01, 1.000000014901161e-01, 1.000000014901161e-01, 1.000000014901161e-01, 1.000000014901161e-01, 1.000000014901161e-01, 1.000000014901161e-01, 1.000000014901161e-01, 1.000000014901161e-01, 1.000000014901161e-01, 1.000000014901161e-01, 1.000000014901161e-01, 1.000000014901161e-01, 1.000000014901161e-01, 1.000000014901161e-01, 1.000000014901161e-01, 1.000000014901161e-01, 1.000000014901161e-01, 1.000000014901161e-01, 1.000000014901161e-01, 1.000000014901161e-01, 1.000000014901161e-01, 1.000000014901161e-01, 1.000000014901161e-01, 1.000000014901161e-01, 1.190719977021217e-01, 1.000000014901161e-01, 1.000000014901161e-01, 1.213655546307564e-01, 1.226621270179749e-01, 1.008181497454643e-01, 1.274719834327698e-01, 1.000000014901161e-01, 1.193103790283203e-01, 1.154342070221901e-01, 1.000000014901161e-01, 1.223033368587494e-01, 1.496240347623825e-01, 1.221485882997513e-01, 1.256697475910187e-01, 1.31227120757103e-01, 1.20143823325634e-01, 1.013166010379791e-01, 1.055841892957687e-01, 1.000000014901161e-01, 1.000000014901161e-01, 1.000000014901161e-01, 1.000000014901161e-01, 1.000000014901161e-01, 1.000000014901161e-01, 1.000000014901161e-01, 1.000000014901161e-01, 1.000000014901161e-01, 1.000000014901161e-01, 1.000000014901161e-01, 1.000000014901161e-01, 1.000000014901161e-01, 1.000000014901161e-01, 1.000000014901161e-01, 1.000000014901161e-01, 1.000000014901161e-01, 1.000000014901161e-01, 1.000000014901161e-01, 1.000000014901161e-01, 1.000000014901161e-01, 1.000000014901161e-01, 1.000000014901161e-01, 1.000000014901161e-01, 1.000000014901161e-01, 1.000000014901161e-01, 1.000000014901161e-01, 1.000000014901161e-01, 1.000000014901161e-01, 1.000000014901161e-01, 1.000000014901161e-01, 1.000000014901161e-01, 1.000000014901161e-01, 1.000000014901161e-01, 1.000000014901161e-01, 1.000000014901161e-01, 1.000000014901161e-01, 1.000000014901161e-01, 1.000000014901161e-01]
fan.sta_a.T=[2.883200073242188e+02, 2.901224670410156e+02, 2.874650268554688e+02, 2.916988830566406e+02, 2.90638427734375e+02, 2.918508605957031e+02, 2.909158020019531e+02, 2.899744873046875e+02, 2.884579467773438e+02, 2.9146484375e+02, 2.894929504394531e+02, 2.906033020019531e+02, 2.916996154785156e+02, 2.901615905761719e+02, 2.902928466796875e+02, 2.9188623046875e+02, 2.915018920898438e+02, 2.904317321777344e+02, 2.911607360839844e+02, 2.914332580566406e+02, 2.908340759277344e+02, 2.918123168945312e+02, 2.910689697265625e+02, 2.919097290039062e+02, 2.925090942382812e+02, 2.907435302734375e+02, 2.917361450195312e+02, 2.91513671875e+02, 2.917509460449219e+02, 2.960155029296875e+02, 2.937631225585938e+02, 2.932301940917969e+02, 2.930240173339844e+02, 2.936216735839844e+02, 2.944327392578125e+02, 2.939870910644531e+02, 2.944085083007812e+02, 2.932107543945312e+02, 2.948768920898438e+02, 2.958114013671875e+02, 2.945582885742188e+02, 2.977555847167969e+02, 2.962747802734375e+02, 2.976808166503906e+02, 2.959516906738281e+02, 2.961869812011719e+02, 2.959931640625e+02, 2.982442626953125e+02, 2.946266174316406e+02, 2.971179504394531e+02, 2.968927612304688e+02, 2.970372924804688e+02, 2.9661181640625e+02, 2.975769348144531e+02, 2.973679504394531e+02, 2.976821899414062e+02, 2.978348999023438e+02, 2.964918212890625e+02, 2.977148132324219e+02, 2.974137878417969e+02, 2.955561218261719e+02, 2.972049865722656e+02, 2.963544921875e+02, 2.960565490722656e+02, 2.977264099121094e+02, 2.96192138671875e+02, 2.963899230957031e+02, 2.963341979980469e+02, 2.960115051269531e+02, 2.96216064453125e+02, 2.954604187011719e+02, 2.956790771484375e+02, 2.941722717285156e+02, 2.948475952148438e+02, 2.943451538085938e+02, 2.944716491699219e+02, 2.941226806640625e+02, 2.919582824707031e+02, 2.929217834472656e+02, 2.921752014160156e+02, 2.912180480957031e+02, 2.920714111328125e+02, 2.912369689941406e+02, 2.915953979492188e+02, 2.936615905761719e+02, 2.921943054199219e+02, 2.920024719238281e+02, 2.921245422363281e+02, 2.913072814941406e+02, 2.913471069335938e+02, 2.905751037597656e+02, 2.898684997558594e+02, 2.91618408203125e+02, 2.914317932128906e+02, 2.905054321289062e+02, 2.91697509765625e+02, 2.907715454101562e+02, 2.908904418945312e+02, 2.908024597167969e+02, 2.910172729492188e+02, 2.907653198242188e+02]
fan.sta_b.T=[2.886552734375e+02, 2.904577331542969e+02, 2.878002624511719e+02, 2.920341186523438e+02, 2.909736938476562e+02, 2.921861267089844e+02, 2.912510681152344e+02, 2.903097534179688e+02, 2.88793212890625e+02, 2.918000793457031e+02, 2.898282165527344e+02, 2.909385681152344e+02, 2.920348815917969e+02, 2.90496826171875e+02, 2.906281127929688e+02, 2.922214660644531e+02, 2.91837158203125e+02, 2.907669982910156e+02, 2.914959716796875e+02, 2.917685241699219e+02, 2.911693420410156e+02, 2.921475830078125e+02, 2.914042358398438e+02, 2.922449951171875e+02, 2.928443603515625e+02, 2.910787963867188e+02, 2.920713806152344e+02, 2.918489379882812e+02, 2.920862121582031e+02, 2.963507690429688e+02, 2.94098388671875e+02, 2.935654602050781e+02, 2.933592834472656e+02, 2.939569396972656e+02, 2.947680053710938e+02, 2.943223571777344e+02, 2.947437744140625e+02, 2.935460205078125e+02, 2.95212158203125e+02, 2.961466674804688e+02, 2.948935241699219e+02, 2.980908508300781e+02, 2.966100463867188e+02, 2.980160827636719e+02, 2.962869567871094e+02, 2.965222473144531e+02, 2.963284301757812e+02, 2.985795288085938e+02, 2.949618835449219e+02, 2.974532165527344e+02, 2.9722802734375e+02, 2.9737255859375e+02, 2.969470825195312e+02, 2.979122009277344e+02, 2.977032165527344e+02, 2.980174560546875e+02, 2.98170166015625e+02, 2.968270874023438e+02, 2.98050048828125e+02, 2.977490539550781e+02, 2.958913879394531e+02, 2.975402526855469e+02, 2.966897583007812e+02, 2.963917846679688e+02, 2.980616455078125e+02, 2.965274047851562e+02, 2.967251892089844e+02, 2.966694641113281e+02, 2.963467407226562e+02, 2.965513305664062e+02, 2.957956848144531e+02, 2.960143432617188e+02, 2.945075378417969e+02, 2.95182861328125e+02, 2.94680419921875e+02, 2.948069152832031e+02, 2.944579467773438e+02, 2.922935485839844e+02, 2.932570495605469e+02, 2.925104675292969e+02, 2.915533142089844e+02, 2.924066772460938e+02, 2.915722351074219e+02, 2.919306640625e+02, 2.939968566894531e+02, 2.92529541015625e+02, 2.923377075195312e+02, 2.924598083496094e+02, 2.916425476074219e+02, 2.91682373046875e+02, 2.909103698730469e+02, 2.902037353515625e+02, 2.919536743164062e+02, 2.917670593261719e+02, 2.908406982421875e+02, 2.920327453613281e+02, 2.911068115234375e+02, 2.912257080078125e+02, 2.911377258300781e+02, 2.913525390625e+02, 2.911005859375e+02]
